                CASE,         ZP,        ISA,     WEIGHT,       MACH,        IAS,        CAS,        TAS, SPEED_CODE,       WIND,       TIME,       FUEL,       DIST,       RATE,       GRDT,         CD,         CG,      FLAPS,      LGEAR,         TQ,         NP,        WFE,         NL,         NH,        SHP,        SFC,        ITT,        PLA,         RC,     ENGOUT,    AIRCOND,      ICING,         SR,         CI,       COST,
                    ,       (FT),     (DG.C),       (KG),           ,       (KT),       (KT),       (KT),           ,       (KT),       (MN),       (KG),       (NM),    (FT/MN),      (DEG),           ,        (%),           ,           ,        (%),        (%),     (KG/H),        (%),        (%),       (HP),  (KG/H/HP),     (DG.C),      (DEG),           ,           ,           ,           ,    (NM/KG),    (KG/MN),    (KG/NM),
106 bandymas        , 25000.0000,   -10.0000, 18000.0000,     0.3066,   125.3146,   124.4478,   180.6435,   124.4478,    15.0000,     0.0000,     0.0000,     0.0000,     0.0000,     0.0000,     0.0768,    25.0000,     0.0000,     0.0000,    36.2975,    82.0000,   376.6205,    85.4749,    87.9544,   818.5034,     0.2301,   809.1187,    60.8801,     5.0000,     0.0000,          E,          0,    0.51947,     6.0000,     3.7651,
106 bandymas        , 25000.0000,   -10.0000, 18000.0000,     0.3173,   130.0000,   128.8680,   186.9636,   128.8680,    15.0000,     0.0000,     0.0000,     0.0000,     0.0000,     0.0000,     0.0705,    25.0000,     0.0000,     0.0000,    36.8099,    82.0000,   380.2169,    85.5590,    88.0793,   830.0571,     0.2290,   811.0815,    61.0371,     5.0000,     0.0000,          E,          0,    0.53118,     6.0000,     3.6651,
106 bandymas        , 25000.0000,   -10.0000, 18000.0000,     0.3291,   135.0000,   133.7255,   193.8983,   133.7255,    15.0000,     0.0000,     0.0000,     0.0000,     0.0000,     0.0000,     0.0647,    25.0000,     0.0000,     0.0000,    37.4082,    82.0000,   384.4519,    85.6660,    88.2266,   843.5500,     0.2279,   813.3838,    61.1978,     5.0000,     0.0000,          E,          0,    0.54337,     6.0000,     3.5637,
106 bandymas        , 25000.0000,   -10.0000, 18000.0000,     0.3409,   140.0000,   138.6274,   200.8836,   138.6274,    15.0000,     0.0000,     0.0000,     0.0000,     0.0000,     0.0000,     0.0599,    25.0000,     0.0000,     0.0000,    38.3335,    82.0000,   391.1959,    85.9386,    88.4826,   864.4146,     0.2263,   817.4068,    61.5238,     5.0000,     0.0000,          E,          0,    0.55186,     6.0000,     3.4796,
106 bandymas        , 25000.0000,   -10.0000, 18000.0000,     0.3528,   145.0000,   143.5294,   207.8581,   143.5294,    15.0000,     0.0000,     0.0000,     0.0000,     0.0000,     0.0000,     0.0559,    25.0000,     0.0000,     0.0000,    39.4964,    82.0000,   399.7701,    86.3369,    88.8136,   890.6373,     0.2244,   822.7855,    61.9651,     5.0000,     0.0000,          E,          0,    0.55747,     6.0000,     3.4092,
106 bandymas        , 25000.0000,   -10.0000, 18000.0000,     0.3646,   150.0000,   148.4314,   214.8176,   148.4314,    15.0000,     0.0000,     0.0000,     0.0000,     0.0000,     0.0000,     0.0525,    25.0000,     0.0000,     0.0000,    40.8296,    82.0000,   409.4690,    86.8512,    89.1985,   920.7012,     0.2224,   829.7271,    62.4832,     5.0000,     0.0000,          E,          0,    0.56126,     6.0000,     3.3482,
106 bandymas        , 25000.0000,   -10.0000, 18000.0000,     0.3765,   155.0000,   153.3775,   221.8279,   153.3775,    15.0000,     0.0000,     0.0000,     0.0000,     0.0000,     0.0000,     0.0497,    25.0000,     0.0000,     0.0000,    42.3682,    82.0000,   420.8389,    87.3801,    89.6550,   955.3957,     0.2202,   838.3796,    63.0923,     5.0000,     0.0000,          E,          0,    0.56275,     6.0000,     3.2971,
106 bandymas        , 25000.0000,   -10.0000, 18000.0000,     0.3884,   160.0000,   158.3444,   228.8535,   158.3444,    15.0000,     0.0000,     0.0000,     0.0000,     0.0000,     0.0000,     0.0474,    25.0000,     0.0000,     0.0000,    44.2477,    82.0000,   434.6736,    87.9998,    90.2192,   997.7778,     0.2178,   849.2592,    63.8614,     5.0000,     0.0000,          E,          0,    0.56100,     6.0000,     3.2588,
106 bandymas        , 25000.0000,   -10.0000, 18000.0000,     0.4003,   165.0000,   163.3112,   235.8642,   163.3112,    15.0000,     0.0000,     0.0000,     0.0000,     0.0000,     0.0000,     0.0455,    25.0000,     0.0000,     0.0000,    46.3807,    82.0000,   451.5791,    88.7585,    90.8871,  1045.8776,     0.2159,   862.1046,    64.7415,     5.0000,     0.0000,          E,          0,    0.55553,     6.0000,     3.2351,
106 bandymas        , 25000.0000,   -10.0000, 18000.0000,     0.4122,   170.0000,   168.2781,   242.8608,   168.2781,    15.0000,     0.0000,     0.0000,     0.0000,     0.0000,     0.0000,     0.0438,    25.0000,     0.0000,     0.0000,    48.7623,    82.0000,   471.0391,    89.5475,    91.6139,  1099.5825,     0.2142,   875.1262,    65.7265,     5.0000,     0.0000,          E,          0,    0.54743,     6.0000,     3.2228,
106 bandymas        , 25000.0000,   -10.0000, 18000.0000,     0.4240,   175.0000,   173.2450,   249.8441,   173.2450,    15.0000,     0.0000,     0.0000,     0.0000,     0.0000,     0.0000,     0.0423,    25.0000,     0.0000,     0.0000,    51.2730,    82.0000,   492.2614,    90.3617,    92.3810,  1156.1991,     0.2129,   888.9221,    66.7521,     5.0000,     0.0000,          E,          0,    0.53802,     6.0000,     3.2180,
106 bandymas        , 25000.0000,   -10.0000, 18000.0000,     0.4359,   180.0000,   178.2119,   256.8108,   178.2119,    15.0000,     0.0000,     0.0000,     0.0000,     0.0000,     0.0000,     0.0412,    25.0000,     0.0000,     0.0000,    54.1247,    82.0000,   520.0839,    91.4125,    93.3248,  1220.5028,     0.2131,   906.0573,    67.9235,     5.0000,     0.0000,          E,          0,    0.52263,     6.0000,     3.2379,
106 bandymas        , 25000.0000,   -10.0000, 18000.0000,     0.4477,   185.0000,   183.1841,   263.7699,   183.1841,    15.0000,     0.0000,     0.0000,     0.0000,     0.0000,     0.0000,     0.0402,    25.0000,     0.0000,     0.0000,    57.2410,    82.0000,   551.0212,    92.6570,    94.3938,  1290.7750,     0.2134,   925.5967,    69.4534,     5.0000,     0.0000,          E,          0,    0.50592,     6.0000,     3.2680,
106 bandymas        , 25000.0000,   -10.0000, 18000.0000,     0.4595,   190.0000,   188.1592,   270.7183,   188.1592,    15.0000,     0.0000,     0.0000,     0.0000,     0.0000,     0.0000,     0.0393,    25.0000,     0.0000,     0.0000,    60.5274,    82.0000,   586.1087,    94.0549,    95.7370,  1364.8832,     0.2147,   950.3240,    72.4898,     5.0000,     0.0000,          E,          0,    0.48748,     6.0000,     3.3113,
106 bandymas        , 25000.0000,   -10.0000, 18000.0000,     0.4615,   190.8550,   189.0099,   271.9043,   189.0099,    15.0000,     0.0000,     0.0000,     0.0000,     0.0000,     0.0000,     0.0392,    25.0000,     0.0000,     0.0000,    61.0854,    82.0000,   592.2887,    94.2540,    95.9634,  1377.4659,     0.2150,   954.5632,    72.9953,     5.0000,     0.0000,          E,          0,    0.48440,     6.0000,     3.3192,
106 bandymas        , 25000.0000,   -10.0000, 18000.0000,     0.3725,   153.3479,   151.7363,   219.5038,     1.0000,    15.0000,     0.0000,     0.0000,     0.0000,     0.0000,     0.0000,     0.0505,    25.0000,     0.0000,     0.0000,    41.8020,    82.0000,   416.6424,    87.1976,    89.4852,   942.6289,     0.2210,   835.1008,    62.8627,     5.0000,     0.0000,          E,          0,    0.56284,     6.0000,     3.3119,
106 bandymas        , 25000.0000,   -10.0000, 18000.0000,     0.3976,   163.8405,   162.1594,   234.2406,     0.9900,    15.0000,     0.0000,     0.0000,     0.0000,     0.0000,     0.0000,     0.0459,    25.0000,     0.0000,     0.0000,    45.8590,    82.0000,   447.2983,    88.5663,    90.7207,  1034.1128,     0.2163,   858.9282,    64.5253,     5.0000,     0.0000,          E,          0,    0.55721,     6.0000,     3.2390,
106 bandymas        , 25000.0000,   -10.0000, 18000.0000,     0.4615,   190.8549,   189.0099,   271.9039,   999.0000,    15.0000,     0.0000,     0.0000,     0.0000,     0.0000,     0.0000,     0.0392,    25.0000,     0.0000,     0.0000,    61.0852,    82.0000,   592.2864,    94.2540,    95.9633,  1377.4615,     0.2150,   954.5616,    72.9951,     5.0000,     0.0000,          E,          0,    0.48440,     6.0000,     3.3192,
