                CASE,         ZP,        ISA,     WEIGHT,       MACH,        IAS,        CAS,        TAS, SPEED_CODE,       WIND,       TIME,       FUEL,       DIST,       RATE,       GRDT,         CD,         CG,      FLAPS,      LGEAR,         TQ,         NP,        WFE,         NL,         NH,        SHP,        SFC,        ITT,        PLA,         RC,     ENGOUT,    AIRCOND,      ICING,         SR,         CI,       COST,
                    ,       (FT),     (DG.C),       (KG),           ,       (KT),       (KT),       (KT),           ,       (KT),       (MN),       (KG),       (NM),    (FT/MN),      (DEG),           ,        (%),           ,           ,        (%),        (%),     (KG/H),        (%),        (%),       (HP),  (KG/H/HP),     (DG.C),      (DEG),           ,           ,           ,           ,    (NM/KG),    (KG/MN),    (KG/NM),
111 bandymas        , 25000.0000,   -10.0000, 21000.0000,     0.3310,   135.8268,   134.5361,   195.0544,   134.5361,    30.0000,     0.0000,     0.0000,     0.0000,     0.0000,     0.0000,     0.0763,    25.0000,     0.0000,     0.0000,    45.2082,    82.0000,   447.2132,    89.0888,    90.9088,  1019.4385,     0.2193,   858.8025,    65.3895,     5.0000,     0.0000,          E,          0,    0.50324,     6.0000,     3.5867,
111 bandymas        , 25000.0000,   -10.0000, 21000.0000,     0.3409,   140.0000,   138.6274,   200.8836,   138.6274,    30.0000,     0.0000,     0.0000,     0.0000,     0.0000,     0.0000,     0.0709,    25.0000,     0.0000,     0.0000,    45.6139,    82.0000,   450.2688,    89.1098,    90.9893,  1028.5867,     0.2189,   860.1167,    65.4394,     5.0000,     0.0000,          E,          0,    0.51277,     6.0000,     3.5094,
111 bandymas        , 25000.0000,   -10.0000, 21000.0000,     0.3528,   145.0000,   143.5294,   207.8581,   143.5294,    30.0000,     0.0000,     0.0000,     0.0000,     0.0000,     0.0000,     0.0654,    25.0000,     0.0000,     0.0000,    46.3508,    82.0000,   455.9926,    89.2325,    91.1757,  1045.2028,     0.2181,   863.5688,    65.6249,     5.0000,     0.0000,          E,          0,    0.52163,     6.0000,     3.4306,
111 bandymas        , 25000.0000,   -10.0000, 21000.0000,     0.3646,   150.0000,   148.4314,   214.8176,   148.4314,    30.0000,     0.0000,     0.0000,     0.0000,     0.0000,     0.0000,     0.0607,    25.0000,     0.0000,     0.0000,    47.3884,    82.0000,   463.8896,    89.4950,    91.4728,  1068.6008,     0.2171,   869.9103,    65.9591,     5.0000,     0.0000,          E,          0,    0.52775,     6.0000,     3.3653,
111 bandymas        , 25000.0000,   -10.0000, 21000.0000,     0.3765,   155.0000,   153.3775,   221.8279,   153.3775,    30.0000,     0.0000,     0.0000,     0.0000,     0.0000,     0.0000,     0.0568,    25.0000,     0.0000,     0.0000,    48.5669,    82.0000,   472.9798,    89.8103,    91.8179,  1095.1757,     0.2159,   877.2036,    66.3521,     5.0000,     0.0000,          E,          0,    0.53243,     6.0000,     3.3077,
111 bandymas        , 25000.0000,   -10.0000, 21000.0000,     0.3884,   160.0000,   158.3444,   228.8535,   158.3444,    30.0000,     0.0000,     0.0000,     0.0000,     0.0000,     0.0000,     0.0534,    25.0000,     0.0000,     0.0000,    49.9896,    82.0000,   484.5172,    90.2272,    92.2573,  1127.2574,     0.2149,   886.3204,    66.8569,     5.0000,     0.0000,          E,          0,    0.53425,     6.0000,     3.2625,
111 bandymas        , 25000.0000,   -10.0000, 21000.0000,     0.4003,   165.0000,   163.3112,   235.8642,   163.3112,    30.0000,     0.0000,     0.0000,     0.0000,     0.0000,     0.0000,     0.0505,    25.0000,     0.0000,     0.0000,    51.6840,    82.0000,   500.5155,    90.7863,    92.8262,  1165.4666,     0.2147,   897.9376,    67.4856,     5.0000,     0.0000,          E,          0,    0.53118,     6.0000,     3.2367,
111 bandymas        , 25000.0000,   -10.0000, 21000.0000,     0.4122,   170.0000,   168.2781,   242.8608,   168.2781,    30.0000,     0.0000,     0.0000,     0.0000,     0.0000,     0.0000,     0.0482,    25.0000,     0.0000,     0.0000,    53.8119,    82.0000,   520.8712,    91.6031,    93.5075,  1213.4489,     0.2146,   910.1624,    68.3176,     5.0000,     0.0000,          E,          0,    0.52385,     6.0000,     3.2283,
111 bandymas        , 25000.0000,   -10.0000, 21000.0000,     0.4240,   175.0000,   173.2450,   249.8441,   173.2450,    30.0000,     0.0000,     0.0000,     0.0000,     0.0000,     0.0000,     0.0462,    25.0000,     0.0000,     0.0000,    56.0814,    82.0000,   542.7540,    92.4750,    94.2427,  1264.6262,     0.2146,   923.4245,    69.4580,     5.0000,     0.0000,          E,          0,    0.51560,     6.0000,     3.2259,
111 bandymas        , 25000.0000,   -10.0000, 21000.0000,     0.4359,   180.0000,   178.2119,   256.8108,   178.2119,    30.0000,     0.0000,     0.0000,     0.0000,     0.0000,     0.0000,     0.0446,    25.0000,     0.0000,     0.0000,    58.6469,    82.0000,   569.6487,    93.6300,    95.2660,  1322.4792,     0.2154,   942.2096,    71.7727,     5.0000,     0.0000,          E,          0,    0.50349,     6.0000,     3.2413,
111 bandymas        , 25000.0000,   -10.0000, 21000.0000,     0.4417,   182.4738,   180.6705,   260.2535,   180.6705,    30.0000,     0.0000,     0.0000,     0.0000,     0.0000,     0.0000,     0.0438,    25.0000,     0.0000,     0.0000,    60.0069,    82.0000,   584.0120,    94.1001,    95.8112,  1353.1465,     0.2158,   952.1009,    72.9953,     5.0000,     0.0000,          E,          0,    0.49700,     6.0000,     3.2524,
111 bandymas        , 25000.0000,   -10.0000, 21000.0000,     0.3864,   159.1441,   157.4942,   227.6523,     1.0000,    30.0000,     0.0000,     0.0000,     0.0000,     0.0000,     0.0000,     0.0539,    25.0000,     0.0000,     0.0000,    49.7266,    82.0000,   482.0793,    90.1406,    92.1677,  1121.3278,     0.2150,   884.4794,    66.7616,     5.0000,     0.0000,          E,          0,    0.53446,     6.0000,     3.2683,
111 bandymas        , 25000.0000,   -10.0000, 21000.0000,     0.4036,   166.3948,   164.6968,   237.8173,     0.9900,    30.0000,     0.0000,     0.0000,     0.0000,     0.0000,     0.0000,     0.0498,    25.0000,     0.0000,     0.0000,    52.2735,    82.0000,   506.1602,    91.0112,    93.0160,  1178.7598,     0.2147,   901.3425,    67.7179,     5.0000,     0.0000,          E,          0,    0.52912,     6.0000,     3.2341,
111 bandymas        , 25000.0000,   -10.0000, 21000.0000,     0.4417,   182.4738,   180.6704,   260.2541,   999.0000,    30.0000,     0.0000,     0.0000,     0.0000,     0.0000,     0.0000,     0.0438,    25.0000,     0.0000,     0.0000,    60.0071,    82.0000,   584.0145,    94.1001,    95.8113,  1353.1516,     0.2158,   952.1025,    72.9955,     5.0000,     0.0000,          E,          0,    0.49700,     6.0000,     3.2524,
