                CASE,         ZP,        ISA,     WEIGHT,       MACH,        IAS,        CAS,        TAS, SPEED_CODE,       WIND,       TIME,       FUEL,       DIST,       RATE,       GRDT,         CD,         CG,      FLAPS,      LGEAR,         TQ,         NP,        WFE,         NL,         NH,        SHP,        SFC,        ITT,        PLA,         RC,     ENGOUT,    AIRCOND,      ICING,         SR,         CI,       COST,
                    ,       (FT),     (DG.C),       (KG),           ,       (KT),       (KT),       (KT),           ,       (KT),       (MN),       (KG),       (NM),    (FT/MN),      (DEG),           ,        (%),           ,           ,        (%),        (%),     (KG/H),        (%),        (%),       (HP),  (KG/H/HP),     (DG.C),      (DEG),           ,           ,           ,           ,    (NM/KG),    (KG/MN),    (KG/NM),
119 bandymas        , 25000.0000,     0.0000, 18000.0000,     0.3066,   125.3146,   124.4478,   184.5520,   124.4478,    30.0000,     0.0000,     0.0000,     0.0000,     0.0000,     0.0000,     0.0771,    25.0000,     0.0000,     0.0000,    37.3654,    82.0000,   389.3944,    87.4750,    89.9560,   842.5837,     0.2311,   840.8089,    62.3414,     5.0000,     0.0000,          E,          0,    0.55099,     6.0000,     3.4928,
119 bandymas        , 25000.0000,     0.0000, 18000.0000,     0.3173,   130.0000,   128.8680,   191.0088,   128.8680,    30.0000,     0.0000,     0.0000,     0.0000,     0.0000,     0.0000,     0.0709,    25.0000,     0.0000,     0.0000,    37.7717,    82.0000,   392.2226,    87.4980,    90.0424,   851.7468,     0.2302,   842.1746,    62.4442,     5.0000,     0.0000,          E,          0,    0.56348,     6.0000,     3.4036,
119 bandymas        , 25000.0000,     0.0000, 18000.0000,     0.3291,   135.0000,   133.7255,   198.0936,   133.7255,    30.0000,     0.0000,     0.0000,     0.0000,     0.0000,     0.0000,     0.0651,    25.0000,     0.0000,     0.0000,    38.4374,    82.0000,   397.0684,    87.6357,    90.2112,   866.7565,     0.2291,   844.8951,    62.6502,     5.0000,     0.0000,          E,          0,    0.57444,     6.0000,     3.3191,
119 bandymas        , 25000.0000,     0.0000, 18000.0000,     0.3409,   140.0000,   138.6274,   205.2299,   138.6274,    30.0000,     0.0000,     0.0000,     0.0000,     0.0000,     0.0000,     0.0603,    25.0000,     0.0000,     0.0000,    39.4475,    82.0000,   404.6306,    87.9477,    90.4943,   889.5358,     0.2274,   849.4791,    63.0423,     5.0000,     0.0000,          E,          0,    0.58134,     6.0000,     3.2506,
119 bandymas        , 25000.0000,     0.0000, 18000.0000,     0.3528,   145.0000,   143.5294,   212.3554,   143.5294,    30.0000,     0.0000,     0.0000,     0.0000,     0.0000,     0.0000,     0.0563,    25.0000,     0.0000,     0.0000,    40.6945,    82.0000,   414.1130,    88.3806,    90.8492,   917.6548,     0.2256,   855.4062,    63.5548,     5.0000,     0.0000,          E,          0,    0.58524,     6.0000,     3.1941,
119 bandymas        , 25000.0000,     0.0000, 18000.0000,     0.3646,   150.0000,   148.4314,   219.4654,   148.4314,    30.0000,     0.0000,     0.0000,     0.0000,     0.0000,     0.0000,     0.0529,    25.0000,     0.0000,     0.0000,    41.9947,    82.0000,   423.8047,    88.8706,    91.2228,   946.9745,     0.2238,   862.4234,    64.0813,     5.0000,     0.0000,          E,          0,    0.58863,     6.0000,     3.1419,
119 bandymas        , 25000.0000,     0.0000, 18000.0000,     0.3765,   155.0000,   153.3775,   226.6274,   153.3775,    30.0000,     0.0000,     0.0000,     0.0000,     0.0000,     0.0000,     0.0501,    25.0000,     0.0000,     0.0000,    43.6477,    82.0000,   436.3659,    89.4173,    91.7169,   984.2493,     0.2217,   872.1655,    64.7853,     5.0000,     0.0000,          E,          0,    0.58810,     6.0000,     3.1032,
119 bandymas        , 25000.0000,     0.0000, 18000.0000,     0.3884,   160.0000,   158.3444,   233.8050,   158.3444,    30.0000,     0.0000,     0.0000,     0.0000,     0.0000,     0.0000,     0.0478,    25.0000,     0.0000,     0.0000,    45.6425,    82.0000,   451.4357,    90.0810,    92.3174,  1029.2322,     0.2193,   884.0553,    65.6561,     5.0000,     0.0000,          E,          0,    0.58437,     6.0000,     3.0759,
119 bandymas        , 25000.0000,     0.0000, 18000.0000,     0.4003,   165.0000,   163.3112,   240.9674,   163.3112,    30.0000,     0.0000,     0.0000,     0.0000,     0.0000,     0.0000,     0.0458,    25.0000,     0.0000,     0.0000,    47.8403,    82.0000,   469.7754,    90.8738,    93.0155,  1078.7915,     0.2177,   897.8757,    66.6137,     5.0000,     0.0000,          E,          0,    0.57680,     6.0000,     3.0623,
119 bandymas        , 25000.0000,     0.0000, 18000.0000,     0.4122,   170.0000,   168.2781,   248.1154,   168.2781,    30.0000,     0.0000,     0.0000,     0.0000,     0.0000,     0.0000,     0.0441,    25.0000,     0.0000,     0.0000,    50.2286,    82.0000,   489.7858,    91.6349,    93.7403,  1132.6479,     0.2162,   911.3085,    67.6480,     5.0000,     0.0000,          E,          0,    0.56783,     6.0000,     3.0555,
119 bandymas        , 25000.0000,     0.0000, 18000.0000,     0.4240,   175.0000,   173.2450,   255.2498,   173.2450,    30.0000,     0.0000,     0.0000,     0.0000,     0.0000,     0.0000,     0.0427,    25.0000,     0.0000,     0.0000,    52.8467,    82.0000,   513.3722,    92.5036,    94.5580,  1191.6847,     0.2154,   926.4872,    68.7767,     5.0000,     0.0000,          E,          0,    0.55564,     6.0000,     3.0618,
119 bandymas        , 25000.0000,     0.0000, 18000.0000,     0.4359,   180.0000,   178.2119,   262.3672,   178.2119,    30.0000,     0.0000,     0.0000,     0.0000,     0.0000,     0.0000,     0.0415,    25.0000,     0.0000,     0.0000,    55.7683,    82.0000,   542.5939,    93.5995,    95.5241,  1257.5667,     0.2157,   944.5588,    71.3623,     5.0000,     0.0000,          E,          0,    0.53883,     6.0000,     3.0872,
119 bandymas        , 25000.0000,     0.0000, 18000.0000,     0.4421,   182.6580,   180.8537,   266.1467,   180.8537,    30.0000,     0.0000,     0.0000,     0.0000,     0.0000,     0.0000,     0.0409,    25.0000,     0.0000,     0.0000,    57.4405,    82.0000,   559.3741,    94.2434,    96.0755,  1295.2739,     0.2159,   954.9029,    72.9981,     5.0000,     0.0000,          E,          0,    0.52943,     6.0000,     3.1045,
119 bandymas        , 25000.0000,     0.0000, 18000.0000,     0.3699,   152.2409,   150.6366,   222.6607,     1.0000,    30.0000,     0.0000,     0.0000,     0.0000,     0.0000,     0.0000,     0.0515,    25.0000,     0.0000,     0.0000,    42.6452,    82.0000,   428.7322,    89.0909,    91.4148,   961.6429,     0.2229,   866.1855,    64.3494,     5.0000,     0.0000,          E,          0,    0.58932,     6.0000,     3.1217,
119 bandymas        , 25000.0000,     0.0000, 18000.0000,     0.3903,   160.7851,   159.1243,   234.9301,     0.9900,    30.0000,     0.0000,     0.0000,     0.0000,     0.0000,     0.0000,     0.0474,    25.0000,     0.0000,     0.0000,    45.9750,    82.0000,   454.0926,    90.1970,    92.4205,  1036.7292,     0.2190,   886.0980,    65.8013,     5.0000,     0.0000,          E,          0,    0.58343,     6.0000,     3.0729,
119 bandymas        , 25000.0000,     0.0000, 18000.0000,     0.4421,   182.6579,   180.8536,   266.1462,   999.0000,    30.0000,     0.0000,     0.0000,     0.0000,     0.0000,     0.0000,     0.0409,    25.0000,     0.0000,     0.0000,    57.4403,    82.0000,   559.3722,    94.2434,    96.0755,  1295.2694,     0.2159,   954.9019,    72.9978,     5.0000,     0.0000,          E,          0,    0.52943,     6.0000,     3.1045,
