                CASE,         ZP,        ISA,     WEIGHT,       MACH,        IAS,        CAS,        TAS, SPEED_CODE,       WIND,       TIME,       FUEL,       DIST,       RATE,       GRDT,         CD,         CG,      FLAPS,      LGEAR,         TQ,         NP,        WFE,         NL,         NH,        SHP,        SFC,        ITT,        PLA,         RC,     ENGOUT,    AIRCOND,      ICING,         SR,         CI,       COST,
                    ,       (FT),     (DG.C),       (KG),           ,       (KT),       (KT),       (KT),           ,       (KT),       (MN),       (KG),       (NM),    (FT/MN),      (DEG),           ,        (%),           ,           ,        (%),        (%),     (KG/H),        (%),        (%),       (HP),  (KG/H/HP),     (DG.C),      (DEG),           ,           ,           ,           ,    (NM/KG),    (KG/MN),    (KG/NM),
12 bandymas         , 15000.0000,   -10.0000, 15000.0000,     0.2272,   113.4275,   113.2335,   139.5692,   113.2335,    15.0000,     0.0000,     0.0000,     0.0000,     0.0000,     0.0000,     0.0764,    25.0000,     0.0000,     0.0000,    24.9636,    82.0000,   345.7634,    77.4922,    83.7453,   562.9248,     0.3071,   739.6485,    51.5867,     5.0000,     0.0000,          E,          0,    0.44704,     6.0000,     4.5660,
12 bandymas         , 15000.0000,   -10.0000, 15000.0000,     0.2358,   118.0000,   117.5472,   144.8549,   117.5472,    15.0000,     0.0000,     0.0000,     0.0000,     0.0000,     0.0000,     0.0698,    25.0000,     0.0000,     0.0000,    25.1967,    82.0000,   347.5904,    77.5174,    83.8172,   568.1823,     0.3059,   740.7198,    51.7564,     5.0000,     0.0000,          E,          0,    0.45989,     6.0000,     4.4265,
12 bandymas         , 15000.0000,   -10.0000, 15000.0000,     0.2452,   123.0000,   122.2642,   150.6306,   122.2642,    15.0000,     0.0000,     0.0000,     0.0000,     0.0000,     0.0000,     0.0637,    25.0000,     0.0000,     0.0000,    25.6124,    82.0000,   350.8620,    77.6071,    83.9383,   577.5550,     0.3037,   742.5701,    52.0498,     5.0000,     0.0000,          E,          0,    0.47207,     6.0000,     4.2919,
12 bandymas         , 15000.0000,   -10.0000, 15000.0000,     0.2546,   128.0000,   126.9811,   156.4029,   126.9811,    15.0000,     0.0000,     0.0000,     0.0000,     0.0000,     0.0000,     0.0588,    25.0000,     0.0000,     0.0000,    26.2538,    82.0000,   357.4750,    77.9012,    84.1669,   592.0199,     0.3019,   746.1126,    52.4503,     5.0000,     0.0000,          E,          0,    0.47948,     6.0000,     4.1859,
12 bandymas         , 15000.0000,   -10.0000, 15000.0000,     0.2642,   133.0000,   131.7647,   162.2527,   131.7647,    15.0000,     0.0000,     0.0000,     0.0000,     0.0000,     0.0000,     0.0546,    25.0000,     0.0000,     0.0000,    27.0045,    82.0000,   366.2130,    78.3406,    84.4670,   608.9463,     0.3007,   750.7555,    52.8554,     5.0000,     0.0000,          E,          0,    0.48402,     6.0000,     4.0971,
12 bandymas         , 15000.0000,   -10.0000, 15000.0000,     0.2739,   138.0000,   136.6667,   168.2432,   136.6667,    15.0000,     0.0000,     0.0000,     0.0000,     0.0000,     0.0000,     0.0510,    25.0000,     0.0000,     0.0000,    27.9024,    82.0000,   375.6800,    78.8164,    84.7999,   629.1955,     0.2985,   755.9127,    53.1445,     5.0000,     0.0000,          E,          0,    0.48776,     6.0000,     4.0148,
12 bandymas         , 15000.0000,   -10.0000, 15000.0000,     0.2837,   143.0000,   141.5686,   174.2264,   141.5686,    15.0000,     0.0000,     0.0000,     0.0000,     0.0000,     0.0000,     0.0483,    25.0000,     0.0000,     0.0000,    29.1150,    82.0000,   387.1277,    79.4054,    85.2166,   656.5378,     0.2948,   762.4053,    53.4310,     5.0000,     0.0000,          E,          0,    0.48880,     6.0000,     3.9483,
12 bandymas         , 15000.0000,   -10.0000, 15000.0000,     0.2934,   148.0000,   146.4706,   180.2057,   146.4706,    15.0000,     0.0000,     0.0000,     0.0000,     0.0000,     0.0000,     0.0460,    25.0000,     0.0000,     0.0000,    30.5383,    82.0000,   398.9571,    80.0036,    85.6482,   688.6331,     0.2897,   769.1093,    53.7695,     5.0000,     0.0000,          E,          0,    0.48929,     6.0000,     3.8880,
12 bandymas         , 15000.0000,   -10.0000, 15000.0000,     0.3032,   153.0000,   151.3907,   186.2019,   151.3907,    15.0000,     0.0000,     0.0000,     0.0000,     0.0000,     0.0000,     0.0441,    25.0000,     0.0000,     0.0000,    32.2074,    82.0000,   409.9798,    80.5046,    86.0326,   726.2720,     0.2822,   775.1276,    54.1682,     5.0000,     0.0000,          E,          0,    0.49076,     6.0000,     3.8269,
12 bandymas         , 15000.0000,   -10.0000, 15000.0000,     0.3130,   158.0000,   156.3576,   192.2497,   156.3576,    15.0000,     0.0000,     0.0000,     0.0000,     0.0000,     0.0000,     0.0424,    25.0000,     0.0000,     0.0000,    33.8024,    82.0000,   419.5898,    80.9202,    86.3867,   762.2382,     0.2752,   780.9413,    54.5395,     5.0000,     0.0000,          E,          0,    0.49393,     6.0000,     3.7616,
12 bandymas         , 15000.0000,   -10.0000, 15000.0000,     0.3228,   163.0000,   161.3245,   198.2911,   161.3245,    15.0000,     0.0000,     0.0000,     0.0000,     0.0000,     0.0000,     0.0411,    25.0000,     0.0000,     0.0000,    35.6316,    82.0000,   430.5931,    81.4380,    86.8141,   803.4880,     0.2680,   787.9301,    54.9663,     5.0000,     0.0000,          E,          0,    0.49534,     6.0000,     3.7066,
12 bandymas         , 15000.0000,   -10.0000, 15000.0000,     0.3327,   168.0000,   166.2914,   204.3277,   166.2914,    15.0000,     0.0000,     0.0000,     0.0000,     0.0000,     0.0000,     0.0400,    25.0000,     0.0000,     0.0000,    37.7332,    82.0000,   443.1964,    82.0760,    87.3280,   850.8766,     0.2604,   796.3019,    55.4571,     5.0000,     0.0000,          E,          0,    0.49488,     6.0000,     3.6621,
12 bandymas         , 15000.0000,   -10.0000, 15000.0000,     0.3425,   173.0000,   171.2583,   210.3572,   171.2583,    15.0000,     0.0000,     0.0000,     0.0000,     0.0000,     0.0000,     0.0390,    25.0000,     0.0000,     0.0000,    40.1006,    82.0000,   459.7067,    82.6629,    87.8088,   904.2623,     0.2542,   804.0721,    56.0086,     5.0000,     0.0000,          E,          0,    0.49022,     6.0000,     3.6374,
12 bandymas         , 15000.0000,   -10.0000, 15000.0000,     0.3523,   178.0000,   176.2252,   216.3819,   176.2252,    15.0000,     0.0000,     0.0000,     0.0000,     0.0000,     0.0000,     0.0383,    25.0000,     0.0000,     0.0000,    42.7185,    82.0000,   478.6570,    83.2402,    88.2657,   963.2948,     0.2484,   811.4841,    56.6152,     5.0000,     0.0000,          E,          0,    0.48340,     6.0000,     3.6246,
12 bandymas         , 15000.0000,   -10.0000, 15000.0000,     0.3621,   183.0000,   181.1941,   222.4022,   181.1941,    15.0000,     0.0000,     0.0000,     0.0000,     0.0000,     0.0000,     0.0376,    25.0000,     0.0000,     0.0000,    45.4945,    82.0000,   498.5684,    83.8359,    88.6987,  1025.8933,     0.2430,   818.5799,    57.2514,     5.0000,     0.0000,          E,          0,    0.47617,     6.0000,     3.6165,
12 bandymas         , 15000.0000,   -10.0000, 15000.0000,     0.3719,   188.0000,   186.1691,   228.4227,   186.1691,    15.0000,     0.0000,     0.0000,     0.0000,     0.0000,     0.0000,     0.0370,    25.0000,     0.0000,     0.0000,    48.5068,    82.0000,   520.6323,    84.5753,    89.2322,  1093.8198,     0.2380,   827.4703,    57.9361,     5.0000,     0.0000,          E,          0,    0.46755,     6.0000,     3.6177,
12 bandymas         , 15000.0000,   -10.0000, 15000.0000,     0.3817,   193.0000,   191.1443,   234.4378,   191.1443,    15.0000,     0.0000,     0.0000,     0.0000,     0.0000,     0.0000,     0.0365,    25.0000,     0.0000,     0.0000,    51.6613,    82.0000,   544.0633,    85.4367,    89.8528,  1164.9536,     0.2335,   837.9671,    58.9823,     5.0000,     0.0000,          E,          0,    0.45847,     6.0000,     3.6244,
12 bandymas         , 15000.0000,   -10.0000, 15000.0000,     0.3915,   198.0000,   196.1194,   240.4465,   196.1194,    15.0000,     0.0000,     0.0000,     0.0000,     0.0000,     0.0000,     0.0360,    25.0000,     0.0000,     0.0000,    54.9692,    82.0000,   568.4990,    86.3988,    90.4955,  1239.5466,     0.2293,   849.3520,    60.1075,     5.0000,     0.0000,          E,          0,    0.44933,     6.0000,     3.6348,
12 bandymas         , 15000.0000,   -10.0000, 15000.0000,     0.4012,   203.0000,   201.0946,   246.4473,   201.0946,    15.0000,     0.0000,     0.0000,     0.0000,     0.0000,     0.0000,     0.0356,    25.0000,     0.0000,     0.0000,    58.3920,    82.0000,   594.5409,    87.4318,    91.1691,  1316.7310,     0.2258,   861.5353,    61.2630,     5.0000,     0.0000,          E,          0,    0.43975,     6.0000,     3.6510,
12 bandymas         , 15000.0000,   -10.0000, 15000.0000,     0.4110,   208.0000,   206.0697,   252.4417,   206.0697,    15.0000,     0.0000,     0.0000,     0.0000,     0.0000,     0.0000,     0.0353,    25.0000,     0.0000,     0.0000,    62.0123,    82.0000,   621.5917,    88.5045,    91.8499,  1398.3682,     0.2223,   873.3789,    62.4790,     5.0000,     0.0000,          E,          0,    0.43025,     6.0000,     3.6703,
12 bandymas         , 15000.0000,   -10.0000, 15000.0000,     0.4208,   213.0000,   211.0448,   258.4293,   211.0448,    15.0000,     0.0000,     0.0000,     0.0000,     0.0000,     0.0000,     0.0350,    25.0000,     0.0000,     0.0000,    65.8618,    82.0000,   650.1163,    89.6045,    92.5691,  1485.1738,     0.2189,   885.7047,    63.7666,     5.0000,     0.0000,          E,          0,    0.42059,     6.0000,     3.6943,
12 bandymas         , 15000.0000,   -10.0000, 15000.0000,     0.4305,   218.0000,   216.0199,   264.4098,   216.0199,    15.0000,     0.0000,     0.0000,     0.0000,     0.0000,     0.0000,     0.0347,    25.0000,     0.0000,     0.0000,    69.9708,    82.0000,   680.8889,    90.7820,    93.3468,  1577.8300,     0.2158,   899.1442,    65.1358,     5.0000,     0.0000,          E,          0,    0.41036,     6.0000,     3.7253,
12 bandymas         , 15000.0000,   -10.0000, 15000.0000,     0.4402,   223.0000,   221.0000,   270.3890,   221.0000,    15.0000,     0.0000,     0.0000,     0.0000,     0.0000,     0.0000,     0.0345,    25.0000,     0.0000,     0.0000,    74.2991,    82.0000,   714.8287,    91.8262,    94.1800,  1675.4324,     0.2133,   914.6116,    66.5698,     5.0000,     0.0000,          E,          0,    0.39924,     6.0000,     3.7662,
12 bandymas         , 15000.0000,   -10.0000, 15000.0000,     0.4500,   228.0000,   226.0000,   276.3848,   226.0000,    15.0000,     0.0000,     0.0000,     0.0000,     0.0000,     0.0000,     0.0343,    25.0000,     0.0000,     0.0000,    78.6766,    82.0000,   751.8774,    92.8738,    95.0301,  1774.1438,     0.2119,   930.4722,    68.0027,     5.0000,     0.0000,          E,          0,    0.38754,     6.0000,     3.8158,
12 bandymas         , 15000.0000,   -10.0000, 15000.0000,     0.4597,   233.0000,   231.0000,   282.3728,   231.0000,    15.0000,     0.0000,     0.0000,     0.0000,     0.0000,     0.0000,     0.0341,    25.0000,     0.0000,     0.0000,    83.4690,    82.0000,   794.7266,    93.9016,    95.9883,  1882.2136,     0.2111,   948.8440,    70.1631,     5.0000,     0.0000,          E,          0,    0.37418,     6.0000,     3.8831,
12 bandymas         , 15000.0000,   -10.0000, 15000.0000,     0.4682,   237.3326,   235.3326,   287.5554,   235.3326,    15.0000,     0.0000,     0.0000,     0.0000,     0.0000,     0.0000,     0.0340,    25.0000,     0.0000,     0.0000,    87.7778,    82.0000,   838.2983,    94.9171,    96.9305,  1979.3750,     0.2118,   967.0176,    72.9982,     5.0000,     0.0000,          E,          0,    0.36092,     6.0000,     3.9606,
12 bandymas         , 15000.0000,   -10.0000, 15000.0000,     0.3247,   163.9425,   162.2607,   199.4297,     1.0000,    15.0000,     0.0000,     0.0000,     0.0000,     0.0000,     0.0000,     0.0409,    25.0000,     0.0000,     0.0000,    36.0109,    82.0000,   432.8711,    81.5502,    86.9051,   812.0400,     0.2665,   789.4140,    55.0550,     5.0000,     0.0000,          E,          0,    0.49537,     6.0000,     3.6976,
12 bandymas         , 15000.0000,   -10.0000, 15000.0000,     0.3422,   172.8480,   171.1073,   210.1748,     0.9900,    15.0000,     0.0000,     0.0000,     0.0000,     0.0000,     0.0000,     0.0391,    25.0000,     0.0000,     0.0000,    40.0245,    82.0000,   459.1538,    82.6461,    87.7949,   902.5452,     0.2544,   803.8479,    55.9909,     5.0000,     0.0000,          E,          0,    0.49041,     6.0000,     3.6379,
12 bandymas         , 15000.0000,   -10.0000, 15000.0000,     0.4682,   237.3326,   235.3326,   287.5552,   999.0000,    15.0000,     0.0000,     0.0000,     0.0000,     0.0000,     0.0000,     0.0340,    25.0000,     0.0000,     0.0000,    87.7777,    82.0000,   838.2971,    94.9171,    96.9305,  1979.3723,     0.2118,   967.0172,    72.9981,     5.0000,     0.0000,          E,          0,    0.36092,     6.0000,     3.9606,
