                CASE,         ZP,        ISA,     WEIGHT,       MACH,        IAS,        CAS,        TAS, SPEED_CODE,       WIND,       TIME,       FUEL,       DIST,       RATE,       GRDT,         CD,         CG,      FLAPS,      LGEAR,         TQ,         NP,        WFE,         NL,         NH,        SHP,        SFC,        ITT,        PLA,         RC,     ENGOUT,    AIRCOND,      ICING,         SR,         CI,       COST,
                    ,       (FT),     (DG.C),       (KG),           ,       (KT),       (KT),       (KT),           ,       (KT),       (MN),       (KG),       (NM),    (FT/MN),      (DEG),           ,        (%),           ,           ,        (%),        (%),     (KG/H),        (%),        (%),       (HP),  (KG/H/HP),     (DG.C),      (DEG),           ,           ,           ,           ,    (NM/KG),    (KG/MN),    (KG/NM),
125 bandymas        , 25000.0000,    10.0000, 15000.0000,     0.2800,   113.7165,   113.5062,   172.0234,   113.5062,   -15.0000,     0.0000,     0.0000,     0.0000,     0.0000,     0.0000,     0.0780,    25.0000,     0.0000,     0.0000,    29.4837,    82.0000,   332.3426,    84.6776,    88.8148,   664.8518,     0.2499,   820.1019,    58.4755,     5.0000,     0.0000,          E,          0,    0.47247,     6.0000,     4.4092,
125 bandymas        , 25000.0000,    10.0000, 15000.0000,     0.2898,   118.0000,   117.5472,   178.0711,   117.5472,   -15.0000,     0.0000,     0.0000,     0.0000,     0.0000,     0.0000,     0.0717,    25.0000,     0.0000,     0.0000,    29.9304,    82.0000,   335.7468,    84.8701,    88.9746,   674.9253,     0.2487,   822.5573,    58.7685,     5.0000,     0.0000,          E,          0,    0.48570,     6.0000,     4.2665,
125 bandymas        , 25000.0000,    10.0000, 15000.0000,     0.3013,   123.0000,   122.2642,   185.1193,   122.2642,   -15.0000,     0.0000,     0.0000,     0.0000,     0.0000,     0.0000,     0.0656,    25.0000,     0.0000,     0.0000,    30.6790,    82.0000,   341.0952,    85.1765,    89.2223,   691.8055,     0.2465,   826.4279,    59.2505,     5.0000,     0.0000,          E,          0,    0.49874,     6.0000,     4.1212,
125 bandymas        , 25000.0000,    10.0000, 15000.0000,     0.3127,   128.0000,   126.9811,   192.1580,   126.9811,   -15.0000,     0.0000,     0.0000,     0.0000,     0.0000,     0.0000,     0.0607,    25.0000,     0.0000,     0.0000,    31.5182,    82.0000,   347.2160,    85.4641,    89.4914,   710.7307,     0.2443,   830.9965,    59.7181,     5.0000,     0.0000,          E,          0,    0.51022,     6.0000,     3.9920,
125 bandymas        , 25000.0000,    10.0000, 15000.0000,     0.3243,   133.0000,   131.7647,   199.2839,   131.7647,   -15.0000,     0.0000,     0.0000,     0.0000,     0.0000,     0.0000,     0.0565,    25.0000,     0.0000,     0.0000,    32.5687,    82.0000,   354.9883,    85.8479,    89.8225,   734.4194,     0.2417,   836.5944,    60.2044,     5.0000,     0.0000,          E,          0,    0.51913,     6.0000,     3.8798,
125 bandymas        , 25000.0000,    10.0000, 15000.0000,     0.3362,   138.0000,   136.6667,   206.5754,   136.6667,   -15.0000,     0.0000,     0.0000,     0.0000,     0.0000,     0.0000,     0.0529,    25.0000,     0.0000,     0.0000,    33.8528,    82.0000,   364.5807,    86.3687,    90.2175,   763.3752,     0.2388,   843.4016,    60.8138,     5.0000,     0.0000,          E,          0,    0.52547,     6.0000,     3.7822,
125 bandymas        , 25000.0000,    10.0000, 15000.0000,     0.3480,   143.0000,   141.5686,   213.8513,   141.5686,   -15.0000,     0.0000,     0.0000,     0.0000,     0.0000,     0.0000,     0.0501,    25.0000,     0.0000,     0.0000,    35.5218,    82.0000,   377.1626,    87.0641,    90.7189,   801.0112,     0.2354,   851.9244,    61.6363,     5.0000,     0.0000,          E,          0,    0.52723,     6.0000,     3.7071,
125 bandymas        , 25000.0000,    10.0000, 15000.0000,     0.3599,   148.0000,   146.4706,   221.1152,   146.4706,   -15.0000,     0.0000,     0.0000,     0.0000,     0.0000,     0.0000,     0.0477,    25.0000,     0.0000,     0.0000,    37.2631,    82.0000,   390.7164,    87.8661,    91.2625,   840.2767,     0.2325,   861.5659,    62.4826,     5.0000,     0.0000,          E,          0,    0.52753,     6.0000,     3.6422,
125 bandymas        , 25000.0000,    10.0000, 15000.0000,     0.3717,   153.0000,   151.3907,   228.3924,   151.3907,   -15.0000,     0.0000,     0.0000,     0.0000,     0.0000,     0.0000,     0.0458,    25.0000,     0.0000,     0.0000,    39.2609,    82.0000,   406.2861,    88.7702,    91.8838,   885.3262,     0.2295,   872.8185,    63.4582,     5.0000,     0.0000,          E,          0,    0.52523,     6.0000,     3.5910,
125 bandymas        , 25000.0000,    10.0000, 15000.0000,     0.3836,   158.0000,   156.3576,   235.7247,   156.3576,   -15.0000,     0.0000,     0.0000,     0.0000,     0.0000,     0.0000,     0.0441,    25.0000,     0.0000,     0.0000,    41.5081,    82.0000,   423.8068,    89.7495,    92.5744,   936.0020,     0.2264,   885.4559,    64.5538,     5.0000,     0.0000,          E,          0,    0.52081,     6.0000,     3.5511,
125 bandymas        , 25000.0000,    10.0000, 15000.0000,     0.3956,   163.0000,   161.3245,   243.0418,   161.3245,   -15.0000,     0.0000,     0.0000,     0.0000,     0.0000,     0.0000,     0.0426,    25.0000,     0.0000,     0.0000,    43.9628,    82.0000,   442.8253,    90.7928,    93.3154,   991.3541,     0.2233,   899.2006,    65.7433,     5.0000,     0.0000,          E,          0,    0.51497,     6.0000,     3.5205,
125 bandymas        , 25000.0000,    10.0000, 15000.0000,     0.4074,   168.0000,   166.2914,   250.3450,   166.2914,   -15.0000,     0.0000,     0.0000,     0.0000,     0.0000,     0.0000,     0.0414,    25.0000,     0.0000,     0.0000,    46.5627,    82.0000,   462.9316,    91.7170,    94.0912,  1049.9816,     0.2204,   914.0745,    66.9876,     5.0000,     0.0000,          E,          0,    0.50838,     6.0000,     3.4967,
125 bandymas        , 25000.0000,    10.0000, 15000.0000,     0.4193,   173.0000,   171.2583,   257.6321,   171.2583,   -15.0000,     0.0000,     0.0000,     0.0000,     0.0000,     0.0000,     0.0404,    25.0000,     0.0000,     0.0000,    49.3759,    82.0000,   486.5902,    92.7624,    94.9510,  1113.4196,     0.2185,   930.1564,    68.3227,     5.0000,     0.0000,          E,          0,    0.49864,     6.0000,     3.4892,
125 bandymas        , 25000.0000,    10.0000, 15000.0000,     0.4311,   178.0000,   176.2252,   264.9043,   176.2252,   -15.0000,     0.0000,     0.0000,     0.0000,     0.0000,     0.0000,     0.0395,    25.0000,     0.0000,     0.0000,    52.4829,    82.0000,   513.6247,    93.7834,    95.9025,  1183.4816,     0.2170,   948.3419,    70.7963,     5.0000,     0.0000,          E,          0,    0.48655,     6.0000,     3.4958,
125 bandymas        , 25000.0000,    10.0000, 15000.0000,     0.4383,   181.0298,   179.2349,   269.3028,   179.2349,   -15.0000,     0.0000,     0.0000,     0.0000,     0.0000,     0.0000,     0.0390,    25.0000,     0.0000,     0.0000,    54.5415,    82.0000,   533.4206,    94.4923,    96.5662,  1229.9010,     0.2169,   961.0823,    72.9980,     5.0000,     0.0000,          E,          0,    0.47674,     6.0000,     3.5132,
125 bandymas        , 25000.0000,    10.0000, 15000.0000,     0.3547,   145.8099,   144.3235,   217.9349,     1.0000,   -15.0000,     0.0000,     0.0000,     0.0000,     0.0000,     0.0000,     0.0487,    25.0000,     0.0000,     0.0000,    36.4705,    82.0000,   384.5486,    87.4955,    91.0145,   822.4040,     0.2338,   857.1160,    62.0966,     5.0000,     0.0000,          E,          0,    0.52772,     6.0000,     3.6689,
125 bandymas        , 25000.0000,    10.0000, 15000.0000,     0.3798,   156.3812,   154.7495,   233.3530,     0.9900,   -15.0000,     0.0000,     0.0000,     0.0000,     0.0000,     0.0000,     0.0446,    25.0000,     0.0000,     0.0000,    40.7559,    82.0000,   417.9443,    89.4227,    92.3445,   919.0398,     0.2274,   881.2373,    64.1875,     5.0000,     0.0000,          E,          0,    0.52245,     6.0000,     3.5628,
125 bandymas        , 25000.0000,    10.0000, 15000.0000,     0.4383,   181.0298,   179.2349,   269.3028,   999.0000,   -15.0000,     0.0000,     0.0000,     0.0000,     0.0000,     0.0000,     0.0390,    25.0000,     0.0000,     0.0000,    54.5415,    82.0000,   533.4208,    94.4924,    96.5662,  1229.9016,     0.2169,   961.0824,    72.9981,     5.0000,     0.0000,          E,          0,    0.47674,     6.0000,     3.5132,
