                CASE,         ZP,        ISA,     WEIGHT,       MACH,        IAS,        CAS,        TAS, SPEED_CODE,       WIND,       TIME,       FUEL,       DIST,       RATE,       GRDT,         CD,         CG,      FLAPS,      LGEAR,         TQ,         NP,        WFE,         NL,         NH,        SHP,        SFC,        ITT,        PLA,         RC,     ENGOUT,    AIRCOND,      ICING,         SR,         CI,       COST,
                    ,       (FT),     (DG.C),       (KG),           ,       (KT),       (KT),       (KT),           ,       (KT),       (MN),       (KG),       (NM),    (FT/MN),      (DEG),           ,        (%),           ,           ,        (%),        (%),     (KG/H),        (%),        (%),       (HP),  (KG/H/HP),     (DG.C),      (DEG),           ,           ,           ,           ,    (NM/KG),    (KG/MN),    (KG/NM),
137 bandymas        , 15000.0000,   -10.0000, 16500.0000,     0.2383,   119.3124,   118.7853,   146.3713,   118.7853,   -30.0000,     0.0000,     0.0000,     0.0000,     0.0000,     0.0000,     0.0762,    25.0000,     0.0000,     0.0000,    27.9861,    82.0000,   369.3044,    78.6462,    84.5617,   631.0811,     0.2926,   752.5500,    53.2567,     5.0000,     0.0000,          E,          0,    0.31511,     6.0000,     6.2670,
137 bandymas        , 15000.0000,   -10.0000, 16500.0000,     0.2471,   124.0000,   123.2076,   151.7861,   123.2076,   -30.0000,     0.0000,     0.0000,     0.0000,     0.0000,     0.0000,     0.0696,    25.0000,     0.0000,     0.0000,    28.2958,    82.0000,   371.8230,    78.6784,    84.6496,   638.0649,     0.2914,   753.8911,    53.3500,     5.0000,     0.0000,          E,          0,    0.32754,     6.0000,     6.0091,
137 bandymas        , 15000.0000,   -10.0000, 16500.0000,     0.2565,   129.0000,   127.9245,   157.5574,   127.9245,   -30.0000,     0.0000,     0.0000,     0.0000,     0.0000,     0.0000,     0.0637,    25.0000,     0.0000,     0.0000,    28.7834,    82.0000,   377.8565,    78.9586,    84.8665,   649.0612,     0.2911,   757.2438,    53.4634,     5.0000,     0.0000,          E,          0,    0.33758,     6.0000,     5.7845,
137 bandymas        , 15000.0000,   -10.0000, 16500.0000,     0.2661,   134.0000,   132.7451,   163.4518,   132.7451,   -30.0000,     0.0000,     0.0000,     0.0000,     0.0000,     0.0000,     0.0589,    25.0000,     0.0000,     0.0000,    29.4415,    82.0000,   385.8058,    79.3695,    85.1574,   663.9006,     0.2906,   761.7487,    53.6023,     5.0000,     0.0000,          E,          0,    0.34590,     6.0000,     5.5886,
137 bandymas        , 15000.0000,   -10.0000, 16500.0000,     0.2759,   139.0000,   137.6470,   169.4397,   137.6470,   -30.0000,     0.0000,     0.0000,     0.0000,     0.0000,     0.0000,     0.0548,    25.0000,     0.0000,     0.0000,    30.2766,    82.0000,   394.0899,    79.7785,    85.4531,   682.7314,     0.2886,   766.2998,    53.7856,     5.0000,     0.0000,          E,          0,    0.35383,     6.0000,     5.4080,
137 bandymas        , 15000.0000,   -10.0000, 16500.0000,     0.2856,   144.0000,   142.5490,   175.4226,   142.5490,   -30.0000,     0.0000,     0.0000,     0.0000,     0.0000,     0.0000,     0.0513,    25.0000,     0.0000,     0.0000,    31.3354,    82.0000,   402.7908,    80.1903,    85.7566,   706.6081,     0.2850,   770.9439,    54.0259,     5.0000,     0.0000,          E,          0,    0.36104,     6.0000,     5.2453,
137 bandymas        , 15000.0000,   -10.0000, 16500.0000,     0.2953,   149.0000,   147.4510,   181.4015,   147.4510,   -30.0000,     0.0000,     0.0000,     0.0000,     0.0000,     0.0000,     0.0486,    25.0000,     0.0000,     0.0000,    32.7353,    82.0000,   412.8487,    80.6678,    86.1115,   738.1766,     0.2796,   776.4082,    54.3538,     5.0000,     0.0000,          E,          0,    0.36672,     6.0000,     5.1046,
137 bandymas        , 15000.0000,   -10.0000, 16500.0000,     0.3051,   154.0000,   152.3841,   187.4116,   152.3841,   -30.0000,     0.0000,     0.0000,     0.0000,     0.0000,     0.0000,     0.0463,    25.0000,     0.0000,     0.0000,    34.2436,    82.0000,   422.4009,    81.1033,    86.4616,   772.1866,     0.2735,   781.9934,    54.7045,     5.0000,     0.0000,          E,          0,    0.37266,     6.0000,     4.9704,
137 bandymas        , 15000.0000,   -10.0000, 16500.0000,     0.3150,   159.0000,   157.3510,   193.4582,   157.3510,   -30.0000,     0.0000,     0.0000,     0.0000,     0.0000,     0.0000,     0.0444,    25.0000,     0.0000,     0.0000,    35.7884,    82.0000,   431.6555,    81.5255,    86.8216,   807.0237,     0.2674,   787.9046,    55.0582,     5.0000,     0.0000,          E,          0,    0.37868,     6.0000,     4.8432,
137 bandymas        , 15000.0000,   -10.0000, 16500.0000,     0.3248,   164.0000,   162.3179,   199.4990,   162.3179,   -30.0000,     0.0000,     0.0000,     0.0000,     0.0000,     0.0000,     0.0428,    25.0000,     0.0000,     0.0000,    37.5867,    82.0000,   442.4145,    82.0550,    87.2585,   847.5750,     0.2610,   795.0465,    55.4724,     5.0000,     0.0000,          E,          0,    0.38312,     6.0000,     4.7340,
137 bandymas        , 15000.0000,   -10.0000, 16500.0000,     0.3346,   169.0000,   167.2848,   205.5340,   167.2848,   -30.0000,     0.0000,     0.0000,     0.0000,     0.0000,     0.0000,     0.0414,    25.0000,     0.0000,     0.0000,    39.6430,    82.0000,   456.6178,    82.5788,    87.6937,   893.9423,     0.2554,   802.1122,    55.9467,     5.0000,     0.0000,          E,          0,    0.38442,     6.0000,     4.6522,
137 bandymas        , 15000.0000,   -10.0000, 16500.0000,     0.3445,   174.0000,   172.2516,   211.5632,   172.2516,   -30.0000,     0.0000,     0.0000,     0.0000,     0.0000,     0.0000,     0.0403,    25.0000,     0.0000,     0.0000,    42.0276,    82.0000,   473.8978,    83.1093,    88.1311,   947.7160,     0.2500,   809.2007,    56.4981,     5.0000,     0.0000,          E,          0,    0.38313,     6.0000,     4.5929,
137 bandymas        , 15000.0000,   -10.0000, 16500.0000,     0.3543,   179.0000,   177.2185,   217.5856,   177.2185,   -30.0000,     0.0000,     0.0000,     0.0000,     0.0000,     0.0000,     0.0393,    25.0000,     0.0000,     0.0000,    44.5630,    82.0000,   492.1593,    83.6631,    88.5543,  1004.8882,     0.2449,   816.1666,    57.0784,     5.0000,     0.0000,          E,          0,    0.38115,     6.0000,     4.5428,
137 bandymas        , 15000.0000,   -10.0000, 16500.0000,     0.3641,   184.0000,   182.1891,   223.6066,   182.1891,   -30.0000,     0.0000,     0.0000,     0.0000,     0.0000,     0.0000,     0.0385,    25.0000,     0.0000,     0.0000,    47.3407,    82.0000,   512.2414,    84.2912,    89.0108,  1067.5249,     0.2399,   823.7059,    57.7102,     5.0000,     0.0000,          E,          0,    0.37796,     6.0000,     4.5052,
137 bandymas        , 15000.0000,   -10.0000, 16500.0000,     0.3739,   189.0000,   187.1642,   229.6269,   187.1642,   -30.0000,     0.0000,     0.0000,     0.0000,     0.0000,     0.0000,     0.0379,    25.0000,     0.0000,     0.0000,    50.3443,    82.0000,   534.5113,    85.1156,    89.6033,  1135.2550,     0.2354,   833.6650,    58.5898,     5.0000,     0.0000,          E,          0,    0.37348,     6.0000,     4.4809,
137 bandymas        , 15000.0000,   -10.0000, 16500.0000,     0.3837,   194.0000,   192.1393,   235.6408,   192.1393,   -30.0000,     0.0000,     0.0000,     0.0000,     0.0000,     0.0000,     0.0373,    25.0000,     0.0000,     0.0000,    53.5166,    82.0000,   557.9904,    86.0108,    90.2236,  1206.7910,     0.2312,   844.3937,    59.6716,     5.0000,     0.0000,          E,          0,    0.36854,     6.0000,     4.4640,
137 bandymas        , 15000.0000,   -10.0000, 16500.0000,     0.3934,   199.0000,   197.1145,   241.6470,   197.1145,   -30.0000,     0.0000,     0.0000,     0.0000,     0.0000,     0.0000,     0.0367,    25.0000,     0.0000,     0.0000,    56.7906,    82.0000,   582.5885,    86.9918,    90.8672,  1280.6190,     0.2275,   855.9722,    60.7789,     5.0000,     0.0000,          E,          0,    0.36329,     6.0000,     4.4536,
137 bandymas        , 15000.0000,   -10.0000, 16500.0000,     0.4032,   204.0000,   202.0896,   247.6469,   202.0896,   -30.0000,     0.0000,     0.0000,     0.0000,     0.0000,     0.0000,     0.0362,    25.0000,     0.0000,     0.0000,    60.1664,    82.0000,   608.1654,    88.0029,    91.5227,  1356.7426,     0.2241,   867.7841,    61.9113,     5.0000,     0.0000,          E,          0,    0.35787,     6.0000,     4.4483,
137 bandymas        , 15000.0000,   -10.0000, 16500.0000,     0.4130,   209.0000,   207.0647,   253.6400,   207.0647,   -30.0000,     0.0000,     0.0000,     0.0000,     0.0000,     0.0000,     0.0358,    25.0000,     0.0000,     0.0000,    63.7743,    82.0000,   635.0596,    89.0441,    92.1996,  1438.1005,     0.2208,   879.4402,    63.1176,     5.0000,     0.0000,          E,          0,    0.35216,     6.0000,     4.4494,
137 bandymas        , 15000.0000,   -10.0000, 16500.0000,     0.4227,   214.0000,   212.0398,   259.6260,   212.0398,   -30.0000,     0.0000,     0.0000,     0.0000,     0.0000,     0.0000,     0.0355,    25.0000,     0.0000,     0.0000,    67.6308,    82.0000,   663.5511,    90.1475,    92.9183,  1525.0634,     0.2175,   891.7435,    64.4027,     5.0000,     0.0000,          E,          0,    0.34606,     6.0000,     4.4575,
137 bandymas        , 15000.0000,   -10.0000, 16500.0000,     0.4324,   219.0000,   217.0149,   265.6049,   217.0149,   -30.0000,     0.0000,     0.0000,     0.0000,     0.0000,     0.0000,     0.0351,    25.0000,     0.0000,     0.0000,    71.7120,    82.0000,   694.2755,    91.2286,    93.6942,  1617.0931,     0.2147,   905.5992,    65.7562,     5.0000,     0.0000,          E,          0,    0.33935,     6.0000,     4.4748,
137 bandymas        , 15000.0000,   -10.0000, 16500.0000,     0.4422,   224.0000,   222.0000,   271.5880,   222.0000,   -30.0000,     0.0000,     0.0000,     0.0000,     0.0000,     0.0000,     0.0348,    25.0000,     0.0000,     0.0000,    75.9977,    82.0000,   729.5505,    92.2580,    94.5288,  1713.7349,     0.2129,   921.1827,    67.1686,     5.0000,     0.0000,          E,          0,    0.33115,     6.0000,     4.5100,
137 bandymas        , 15000.0000,   -10.0000, 16500.0000,     0.4519,   229.0000,   227.0000,   277.5830,   227.0000,   -30.0000,     0.0000,     0.0000,     0.0000,     0.0000,     0.0000,     0.0346,    25.0000,     0.0000,     0.0000,    80.4261,    82.0000,   766.9855,    93.2514,    95.3832,  1813.5947,     0.2115,   937.2899,    68.6153,     5.0000,     0.0000,          E,          0,    0.32280,     6.0000,     4.5519,
137 bandymas        , 15000.0000,   -10.0000, 16500.0000,     0.4617,   234.0000,   232.0000,   283.5691,   232.0000,   -30.0000,     0.0000,     0.0000,     0.0000,     0.0000,     0.0000,     0.0344,    25.0000,     0.0000,     0.0000,    85.1311,    82.0000,   811.9398,    94.3104,    96.3704,  1919.6921,     0.2115,   956.2564,    71.3294,     5.0000,     0.0000,          E,          0,    0.31230,     6.0000,     4.6218,
137 bandymas        , 15000.0000,   -10.0000, 16500.0000,     0.4668,   236.6206,   234.6206,   286.7041,   234.6206,   -30.0000,     0.0000,     0.0000,     0.0000,     0.0000,     0.0000,     0.0343,    25.0000,     0.0000,     0.0000,    87.6804,    82.0000,   837.6901,    94.9108,    96.9257,  1977.1787,     0.2118,   966.9675,    72.9978,     5.0000,     0.0000,          E,          0,    0.30644,     6.0000,     4.6656,
137 bandymas        , 15000.0000,   -10.0000, 16500.0000,     0.3319,   167.6145,   165.9085,   203.8630,     1.0000,   -30.0000,     0.0000,     0.0000,     0.0000,     0.0000,     0.0000,     0.0417,    25.0000,     0.0000,     0.0000,    39.0292,    82.0000,   452.1697,    82.4363,    87.5748,   880.1016,     0.2569,   800.1892,    55.8045,     5.0000,     0.0000,          E,          0,    0.38451,     6.0000,     4.6713,
137 bandymas        , 15000.0000,   -10.0000, 16500.0000,     0.3562,   180.0162,   178.2280,   218.8089,     0.9900,   -30.0000,     0.0000,     0.0000,     0.0000,     0.0000,     0.0000,     0.0392,    25.0000,     0.0000,     0.0000,    45.0996,    82.0000,   495.9991,    83.7770,    88.6376,  1016.9880,     0.2439,   817.5323,    57.2006,     5.0000,     0.0000,          E,          0,    0.38066,     6.0000,     4.5337,
137 bandymas        , 15000.0000,   -10.0000, 16500.0000,     0.4668,   236.6206,   234.6206,   286.7041,   999.0000,   -30.0000,     0.0000,     0.0000,     0.0000,     0.0000,     0.0000,     0.0343,    25.0000,     0.0000,     0.0000,    87.6804,    82.0000,   837.6899,    94.9108,    96.9257,  1977.1780,     0.2118,   966.9675,    72.9978,     5.0000,     0.0000,          E,          0,    0.30644,     6.0000,     4.6656,
