                CASE,         ZP,        ISA,     WEIGHT,       MACH,        IAS,        CAS,        TAS, SPEED_CODE,       WIND,       TIME,       FUEL,       DIST,       RATE,       GRDT,         CD,         CG,      FLAPS,      LGEAR,         TQ,         NP,        WFE,         NL,         NH,        SHP,        SFC,        ITT,        PLA,         RC,     ENGOUT,    AIRCOND,      ICING,         SR,         CI,       COST,
                    ,       (FT),     (DG.C),       (KG),           ,       (KT),       (KT),       (KT),           ,       (KT),       (MN),       (KG),       (NM),    (FT/MN),      (DEG),           ,        (%),           ,           ,        (%),        (%),     (KG/H),        (%),        (%),       (HP),  (KG/H/HP),     (DG.C),      (DEG),           ,           ,           ,           ,    (NM/KG),    (KG/MN),    (KG/NM),
151 bandymas        , 15000.0000,   -10.0000, 19500.0000,     0.2590,   130.3350,   129.1840,   159.0976,   129.1840,     0.0000,     0.0000,     0.0000,     0.0000,     0.0000,     0.0000,     0.0756,    25.0000,     0.0000,     0.0000,    34.8577,    82.0000,   420.9543,    80.9822,    86.2146,   786.0346,     0.2678,   778.5047,    55.1307,     5.0000,     0.0000,          E,          0,    0.37795,     6.0000,     4.9086,
151 bandymas        , 15000.0000,   -10.0000, 19500.0000,     0.2681,   135.0000,   133.7255,   164.6490,   133.7255,     0.0000,     0.0000,     0.0000,     0.0000,     0.0000,     0.0000,     0.0694,    25.0000,     0.0000,     0.0000,    35.1759,    82.0000,   424.8099,    81.1852,    86.3835,   793.2120,     0.2678,   781.0789,    55.1697,     5.0000,     0.0000,          E,          0,    0.38758,     6.0000,     4.7666,
151 bandymas        , 15000.0000,   -10.0000, 19500.0000,     0.2778,   140.0000,   138.6274,   170.6365,   138.6274,     0.0000,     0.0000,     0.0000,     0.0000,     0.0000,     0.0000,     0.0637,    25.0000,     0.0000,     0.0000,    35.7141,    82.0000,   429.7465,    81.4390,    86.5903,   805.3472,     0.2668,   784.2391,    55.2625,     5.0000,     0.0000,          E,          0,    0.39706,     6.0000,     4.6282,
151 bandymas        , 15000.0000,   -10.0000, 19500.0000,     0.2876,   145.0000,   143.5294,   176.6195,   143.5294,     0.0000,     0.0000,     0.0000,     0.0000,     0.0000,     0.0000,     0.0591,    25.0000,     0.0000,     0.0000,    36.5585,    82.0000,   436.0497,    81.7601,    86.8440,   824.3885,     0.2645,   788.1413,    55.4353,     5.0000,     0.0000,          E,          0,    0.40504,     6.0000,     4.5071,
151 bandymas        , 15000.0000,   -10.0000, 19500.0000,     0.2973,   150.0000,   148.4314,   182.5962,   148.4314,     0.0000,     0.0000,     0.0000,     0.0000,     0.0000,     0.0000,     0.0552,    25.0000,     0.0000,     0.0000,    37.6197,    82.0000,   443.0573,    82.1235,    87.1273,   848.3182,     0.2611,   792.5151,    55.6625,     5.0000,     0.0000,          E,          0,    0.41213,     6.0000,     4.3980,
151 bandymas        , 15000.0000,   -10.0000, 19500.0000,     0.3071,   155.0000,   153.3775,   188.6219,   153.3775,     0.0000,     0.0000,     0.0000,     0.0000,     0.0000,     0.0000,     0.0518,    25.0000,     0.0000,     0.0000,    38.7371,    82.0000,   451.0345,    82.4291,    87.3967,   873.5157,     0.2582,   796.8903,    55.8992,     5.0000,     0.0000,          E,          0,    0.41820,     6.0000,     4.2998,
151 bandymas        , 15000.0000,   -10.0000, 19500.0000,     0.3169,   160.0000,   158.3444,   194.6673,   158.3444,     0.0000,     0.0000,     0.0000,     0.0000,     0.0000,     0.0000,     0.0491,    25.0000,     0.0000,     0.0000,    40.0664,    82.0000,   460.4922,    82.7513,    87.6894,   903.4902,     0.2548,   801.7025,    56.1867,     5.0000,     0.0000,          E,          0,    0.42274,     6.0000,     4.2148,
151 bandymas        , 15000.0000,   -10.0000, 19500.0000,     0.3268,   165.0000,   163.3112,   200.7064,   163.3112,     0.0000,     0.0000,     0.0000,     0.0000,     0.0000,     0.0000,     0.0469,    25.0000,     0.0000,     0.0000,    41.8138,    82.0000,   473.0386,    83.1566,    88.0383,   942.8937,     0.2508,   807.4105,    56.5789,     5.0000,     0.0000,          E,          0,    0.42429,     6.0000,     4.1505,
151 bandymas        , 15000.0000,   -10.0000, 19500.0000,     0.3366,   170.0000,   168.2781,   206.7399,   168.2781,     0.0000,     0.0000,     0.0000,     0.0000,     0.0000,     0.0000,     0.0450,    25.0000,     0.0000,     0.0000,    43.7605,    82.0000,   487.0345,    83.5922,    88.3970,   986.7930,     0.2468,   813.3743,    57.0159,     5.0000,     0.0000,          E,          0,    0.42449,     6.0000,     4.0971,
151 bandymas        , 15000.0000,   -10.0000, 19500.0000,     0.3464,   175.0000,   173.2450,   212.7682,   173.2450,     0.0000,     0.0000,     0.0000,     0.0000,     0.0000,     0.0000,     0.0434,    25.0000,     0.0000,     0.0000,    46.0116,    82.0000,   503.2432,    84.0612,    88.7782,  1037.5531,     0.2425,   819.6814,    57.5236,     5.0000,     0.0000,          E,          0,    0.42279,     6.0000,     4.0572,
151 bandymas        , 15000.0000,   -10.0000, 19500.0000,     0.3562,   180.0000,   178.2119,   218.7898,   178.2119,     0.0000,     0.0000,     0.0000,     0.0000,     0.0000,     0.0000,     0.0420,    25.0000,     0.0000,     0.0000,    48.3881,    82.0000,   520.7296,    84.6860,    89.2437,  1091.1442,     0.2386,   827.4332,    58.0818,     5.0000,     0.0000,          E,          0,    0.42016,     6.0000,     4.0255,
151 bandymas        , 15000.0000,   -10.0000, 19500.0000,     0.3660,   185.0000,   183.1841,   224.8111,   183.1841,     0.0000,     0.0000,     0.0000,     0.0000,     0.0000,     0.0000,     0.0409,    25.0000,     0.0000,     0.0000,    50.9907,    82.0000,   539.9157,    85.3906,    89.7548,  1149.8314,     0.2348,   836.0272,    58.9593,     5.0000,     0.0000,          E,          0,    0.41638,     6.0000,     4.0030,
151 bandymas        , 15000.0000,   -10.0000, 19500.0000,     0.3758,   190.0000,   188.1592,   230.8301,   188.1592,     0.0000,     0.0000,     0.0000,     0.0000,     0.0000,     0.0000,     0.0399,    25.0000,     0.0000,     0.0000,    53.8081,    82.0000,   560.6379,    86.1975,    90.3031,  1213.3633,     0.2310,   845.5824,    59.9087,     5.0000,     0.0000,          E,          0,    0.41173,     6.0000,     3.9884,
151 bandymas        , 15000.0000,   -10.0000, 19500.0000,     0.3856,   195.0000,   193.1344,   236.8415,   193.1344,     0.0000,     0.0000,     0.0000,     0.0000,     0.0000,     0.0000,     0.0391,    25.0000,     0.0000,     0.0000,    56.8557,    82.0000,   583.6207,    87.1143,    90.9064,  1282.0874,     0.2276,   856.3858,    60.9347,     5.0000,     0.0000,          E,          0,    0.40581,     6.0000,     3.9842,
151 bandymas        , 15000.0000,   -10.0000, 19500.0000,     0.3954,   200.0000,   198.1095,   242.8476,   198.1095,     0.0000,     0.0000,     0.0000,     0.0000,     0.0000,     0.0000,     0.0383,    25.0000,     0.0000,     0.0000,    60.0475,    82.0000,   607.9436,    88.0721,    91.5376,  1354.0615,     0.2245,   867.9056,    62.0029,     5.0000,     0.0000,          E,          0,    0.39946,     6.0000,     3.9858,
151 bandymas        , 15000.0000,   -10.0000, 19500.0000,     0.4052,   205.0000,   203.0846,   248.8461,   203.0846,     0.0000,     0.0000,     0.0000,     0.0000,     0.0000,     0.0000,     0.0377,    25.0000,     0.0000,     0.0000,    63.4446,    82.0000,   633.4734,    89.0403,    92.1867,  1430.6648,     0.2214,   879.3914,    63.1361,     5.0000,     0.0000,          E,          0,    0.39283,     6.0000,     3.9923,
151 bandymas        , 15000.0000,   -10.0000, 19500.0000,     0.4149,   210.0000,   208.0598,   254.8379,   208.0598,     0.0000,     0.0000,     0.0000,     0.0000,     0.0000,     0.0000,     0.0372,    25.0000,     0.0000,     0.0000,    67.0502,    82.0000,   659.9993,    90.0619,    92.8553,  1511.9703,     0.2183,   890.8273,    64.3338,     5.0000,     0.0000,          E,          0,    0.38612,     6.0000,     4.0025,
151 bandymas        , 15000.0000,   -10.0000, 19500.0000,     0.4247,   215.0000,   213.0348,   260.8223,   213.0348,     0.0000,     0.0000,     0.0000,     0.0000,     0.0000,     0.0000,     0.0367,    25.0000,     0.0000,     0.0000,    70.8367,    82.0000,   688.4216,    91.0828,    93.5727,  1597.3557,     0.2155,   903.5070,    65.5845,     5.0000,     0.0000,          E,          0,    0.37887,     6.0000,     4.0197,
151 bandymas        , 15000.0000,   -10.0000, 19500.0000,     0.4344,   220.0000,   218.0099,   266.8001,   218.0099,     0.0000,     0.0000,     0.0000,     0.0000,     0.0000,     0.0000,     0.0362,    25.0000,     0.0000,     0.0000,    74.8404,    82.0000,   720.6774,    92.0372,    94.3486,  1687.6382,     0.2135,   917.9877,    66.9008,     5.0000,     0.0000,          E,          0,    0.37021,     6.0000,     4.0505,
151 bandymas        , 15000.0000,   -10.0000, 19500.0000,     0.4441,   225.0000,   223.0000,   272.7883,   223.0000,     0.0000,     0.0000,     0.0000,     0.0000,     0.0000,     0.0000,     0.0358,    25.0000,     0.0000,     0.0000,    78.9864,    82.0000,   755.6935,    93.0017,    95.1535,  1781.1316,     0.2121,   933.0730,    68.2526,     5.0000,     0.0000,          E,          0,    0.36098,     6.0000,     4.0900,
151 bandymas        , 15000.0000,   -10.0000, 19500.0000,     0.4539,   230.0000,   228.0000,   278.7805,   228.0000,     0.0000,     0.0000,     0.0000,     0.0000,     0.0000,     0.0000,     0.0354,    25.0000,     0.0000,     0.0000,    83.4144,    82.0000,   795.9033,    93.9634,    96.0500,  1880.9819,     0.2116,   950.2469,    70.4102,     5.0000,     0.0000,          E,          0,    0.35027,     6.0000,     4.1463,
151 bandymas        , 15000.0000,   -10.0000, 19500.0000,     0.4622,   234.2874,   232.2874,   283.9134,   232.2874,     0.0000,     0.0000,     0.0000,     0.0000,     0.0000,     0.0000,     0.0352,    25.0000,     0.0000,     0.0000,    87.3657,    82.0000,   835.7391,    94.8906,    96.9107,  1970.0828,     0.2121,   966.8185,    72.9981,     5.0000,     0.0000,          E,          0,    0.33972,     6.0000,     4.2116,
151 bandymas        , 15000.0000,   -10.0000, 19500.0000,     0.3339,   168.6196,   166.9068,   205.0758,     1.0000,     0.0000,     0.0000,     0.0000,     0.0000,     0.0000,     0.0000,     0.0455,    25.0000,     0.0000,     0.0000,    43.1905,    82.0000,   482.9326,    83.4676,    88.2951,   973.9390,     0.2479,   811.6826,    56.8875,     5.0000,     0.0000,          E,          0,    0.42465,     6.0000,     4.1103,
151 bandymas        , 15000.0000,   -10.0000, 19500.0000,     0.3554,   179.5952,   177.8098,   218.3026,     0.9900,     0.0000,     0.0000,     0.0000,     0.0000,     0.0000,     0.0000,     0.0421,    25.0000,     0.0000,     0.0000,    48.1901,    82.0000,   519.2732,    84.6323,    89.2047,  1086.6788,     0.2389,   826.7817,    58.0152,     5.0000,     0.0000,          E,          0,    0.42040,     6.0000,     4.0278,
151 bandymas        , 15000.0000,   -10.0000, 19500.0000,     0.4622,   234.2874,   232.2874,   283.9133,   999.0000,     0.0000,     0.0000,     0.0000,     0.0000,     0.0000,     0.0000,     0.0352,    25.0000,     0.0000,     0.0000,    87.3656,    82.0000,   835.7381,    94.8905,    96.9107,  1970.0807,     0.2121,   966.8181,    72.9980,     5.0000,     0.0000,          E,          0,    0.33972,     6.0000,     4.2116,
