                CASE,         ZP,        ISA,     WEIGHT,       MACH,        IAS,        CAS,        TAS, SPEED_CODE,       WIND,       TIME,       FUEL,       DIST,       RATE,       GRDT,         CD,         CG,      FLAPS,      LGEAR,         TQ,         NP,        WFE,         NL,         NH,        SHP,        SFC,        ITT,        PLA,         RC,     ENGOUT,    AIRCOND,      ICING,         SR,         CI,       COST,
                    ,       (FT),     (DG.C),       (KG),           ,       (KT),       (KT),       (KT),           ,       (KT),       (MN),       (KG),       (NM),    (FT/MN),      (DEG),           ,        (%),           ,           ,        (%),        (%),     (KG/H),        (%),        (%),       (HP),  (KG/H/HP),     (DG.C),      (DEG),           ,           ,           ,           ,    (NM/KG),    (KG/MN),    (KG/NM),
154 bandymas        , 15000.0000,   -10.0000, 19500.0000,     0.2590,   130.3350,   129.1840,   159.0976,   129.1840,    30.0000,     0.0000,     0.0000,     0.0000,     0.0000,     0.0000,     0.0756,    25.0000,     0.0000,     0.0000,    34.8577,    82.0000,   420.9543,    80.9822,    86.2146,   786.0346,     0.2678,   778.5047,    55.1307,     5.0000,     0.0000,          E,          0,    0.44921,     6.0000,     4.1299,
154 bandymas        , 15000.0000,   -10.0000, 19500.0000,     0.2681,   135.0000,   133.7255,   164.6490,   133.7255,    30.0000,     0.0000,     0.0000,     0.0000,     0.0000,     0.0000,     0.0694,    25.0000,     0.0000,     0.0000,    35.1759,    82.0000,   424.8099,    81.1852,    86.3835,   793.2120,     0.2678,   781.0789,    55.1697,     5.0000,     0.0000,          E,          0,    0.45820,     6.0000,     4.0319,
154 bandymas        , 15000.0000,   -10.0000, 19500.0000,     0.2778,   140.0000,   138.6274,   170.6365,   138.6274,    30.0000,     0.0000,     0.0000,     0.0000,     0.0000,     0.0000,     0.0637,    25.0000,     0.0000,     0.0000,    35.7141,    82.0000,   429.7465,    81.4390,    86.5903,   805.3472,     0.2668,   784.2391,    55.2625,     5.0000,     0.0000,          E,          0,    0.46687,     6.0000,     3.9362,
154 bandymas        , 15000.0000,   -10.0000, 19500.0000,     0.2876,   145.0000,   143.5294,   176.6195,   143.5294,    30.0000,     0.0000,     0.0000,     0.0000,     0.0000,     0.0000,     0.0591,    25.0000,     0.0000,     0.0000,    36.5585,    82.0000,   436.0497,    81.7601,    86.8440,   824.3885,     0.2645,   788.1413,    55.4353,     5.0000,     0.0000,          E,          0,    0.47384,     6.0000,     3.8527,
154 bandymas        , 15000.0000,   -10.0000, 19500.0000,     0.2973,   150.0000,   148.4314,   182.5962,   148.4314,    30.0000,     0.0000,     0.0000,     0.0000,     0.0000,     0.0000,     0.0552,    25.0000,     0.0000,     0.0000,    37.6197,    82.0000,   443.0573,    82.1235,    87.1273,   848.3182,     0.2611,   792.5151,    55.6625,     5.0000,     0.0000,          E,          0,    0.47984,     6.0000,     3.7774,
154 bandymas        , 15000.0000,   -10.0000, 19500.0000,     0.3071,   155.0000,   153.3775,   188.6219,   153.3775,    30.0000,     0.0000,     0.0000,     0.0000,     0.0000,     0.0000,     0.0518,    25.0000,     0.0000,     0.0000,    38.7371,    82.0000,   451.0345,    82.4291,    87.3967,   873.5157,     0.2582,   796.8903,    55.8992,     5.0000,     0.0000,          E,          0,    0.48471,     6.0000,     3.7098,
154 bandymas        , 15000.0000,   -10.0000, 19500.0000,     0.3169,   160.0000,   158.3444,   194.6673,   158.3444,    30.0000,     0.0000,     0.0000,     0.0000,     0.0000,     0.0000,     0.0491,    25.0000,     0.0000,     0.0000,    40.0664,    82.0000,   460.4922,    82.7513,    87.6894,   903.4902,     0.2548,   801.7025,    56.1867,     5.0000,     0.0000,          E,          0,    0.48789,     6.0000,     3.6520,
154 bandymas        , 15000.0000,   -10.0000, 19500.0000,     0.3268,   165.0000,   163.3112,   200.7064,   163.3112,    30.0000,     0.0000,     0.0000,     0.0000,     0.0000,     0.0000,     0.0469,    25.0000,     0.0000,     0.0000,    41.8138,    82.0000,   473.0386,    83.1566,    88.0383,   942.8937,     0.2508,   807.4105,    56.5789,     5.0000,     0.0000,          E,          0,    0.48771,     6.0000,     3.6108,
154 bandymas        , 15000.0000,   -10.0000, 19500.0000,     0.3366,   170.0000,   168.2781,   206.7399,   168.2781,    30.0000,     0.0000,     0.0000,     0.0000,     0.0000,     0.0000,     0.0450,    25.0000,     0.0000,     0.0000,    43.7605,    82.0000,   487.0345,    83.5922,    88.3970,   986.7930,     0.2468,   813.3743,    57.0159,     5.0000,     0.0000,          E,          0,    0.48608,     6.0000,     3.5779,
154 bandymas        , 15000.0000,   -10.0000, 19500.0000,     0.3464,   175.0000,   173.2450,   212.7682,   173.2450,    30.0000,     0.0000,     0.0000,     0.0000,     0.0000,     0.0000,     0.0434,    25.0000,     0.0000,     0.0000,    46.0116,    82.0000,   503.2432,    84.0612,    88.7782,  1037.5531,     0.2425,   819.6814,    57.5236,     5.0000,     0.0000,          E,          0,    0.48241,     6.0000,     3.5558,
154 bandymas        , 15000.0000,   -10.0000, 19500.0000,     0.3562,   180.0000,   178.2119,   218.7898,   178.2119,    30.0000,     0.0000,     0.0000,     0.0000,     0.0000,     0.0000,     0.0420,    25.0000,     0.0000,     0.0000,    48.3881,    82.0000,   520.7296,    84.6860,    89.2437,  1091.1442,     0.2386,   827.4332,    58.0818,     5.0000,     0.0000,          E,          0,    0.47777,     6.0000,     3.5401,
154 bandymas        , 15000.0000,   -10.0000, 19500.0000,     0.3660,   185.0000,   183.1841,   224.8111,   183.1841,    30.0000,     0.0000,     0.0000,     0.0000,     0.0000,     0.0000,     0.0409,    25.0000,     0.0000,     0.0000,    50.9907,    82.0000,   539.9157,    85.3906,    89.7548,  1149.8314,     0.2348,   836.0272,    58.9593,     5.0000,     0.0000,          E,          0,    0.47195,     6.0000,     3.5317,
154 bandymas        , 15000.0000,   -10.0000, 19500.0000,     0.3758,   190.0000,   188.1592,   230.8301,   188.1592,    30.0000,     0.0000,     0.0000,     0.0000,     0.0000,     0.0000,     0.0399,    25.0000,     0.0000,     0.0000,    53.8081,    82.0000,   560.6379,    86.1975,    90.3031,  1213.3633,     0.2310,   845.5824,    59.9087,     5.0000,     0.0000,          E,          0,    0.46524,     6.0000,     3.5296,
154 bandymas        , 15000.0000,   -10.0000, 19500.0000,     0.3856,   195.0000,   193.1344,   236.8415,   193.1344,    30.0000,     0.0000,     0.0000,     0.0000,     0.0000,     0.0000,     0.0391,    25.0000,     0.0000,     0.0000,    56.8557,    82.0000,   583.6207,    87.1143,    90.9064,  1282.0874,     0.2276,   856.3858,    60.9347,     5.0000,     0.0000,          E,          0,    0.45722,     6.0000,     3.5363,
154 bandymas        , 15000.0000,   -10.0000, 19500.0000,     0.3954,   200.0000,   198.1095,   242.8476,   198.1095,    30.0000,     0.0000,     0.0000,     0.0000,     0.0000,     0.0000,     0.0383,    25.0000,     0.0000,     0.0000,    60.0475,    82.0000,   607.9436,    88.0721,    91.5376,  1354.0615,     0.2245,   867.9056,    62.0029,     5.0000,     0.0000,          E,          0,    0.44880,     6.0000,     3.5476,
154 bandymas        , 15000.0000,   -10.0000, 19500.0000,     0.4052,   205.0000,   203.0846,   248.8461,   203.0846,    30.0000,     0.0000,     0.0000,     0.0000,     0.0000,     0.0000,     0.0377,    25.0000,     0.0000,     0.0000,    63.4446,    82.0000,   633.4734,    89.0403,    92.1867,  1430.6648,     0.2214,   879.3914,    63.1361,     5.0000,     0.0000,          E,          0,    0.44019,     6.0000,     3.5628,
154 bandymas        , 15000.0000,   -10.0000, 19500.0000,     0.4149,   210.0000,   208.0598,   254.8379,   208.0598,    30.0000,     0.0000,     0.0000,     0.0000,     0.0000,     0.0000,     0.0372,    25.0000,     0.0000,     0.0000,    67.0502,    82.0000,   659.9993,    90.0619,    92.8553,  1511.9703,     0.2183,   890.8273,    64.3338,     5.0000,     0.0000,          E,          0,    0.43157,     6.0000,     3.5810,
154 bandymas        , 15000.0000,   -10.0000, 19500.0000,     0.4247,   215.0000,   213.0348,   260.8223,   213.0348,    30.0000,     0.0000,     0.0000,     0.0000,     0.0000,     0.0000,     0.0367,    25.0000,     0.0000,     0.0000,    70.8367,    82.0000,   688.4216,    91.0828,    93.5727,  1597.3557,     0.2155,   903.5070,    65.5845,     5.0000,     0.0000,          E,          0,    0.42245,     6.0000,     3.6050,
154 bandymas        , 15000.0000,   -10.0000, 19500.0000,     0.4344,   220.0000,   218.0099,   266.8001,   218.0099,    30.0000,     0.0000,     0.0000,     0.0000,     0.0000,     0.0000,     0.0362,    25.0000,     0.0000,     0.0000,    74.8404,    82.0000,   720.6774,    92.0372,    94.3486,  1687.6382,     0.2135,   917.9877,    66.9008,     5.0000,     0.0000,          E,          0,    0.41183,     6.0000,     3.6411,
154 bandymas        , 15000.0000,   -10.0000, 19500.0000,     0.4441,   225.0000,   223.0000,   272.7883,   223.0000,    30.0000,     0.0000,     0.0000,     0.0000,     0.0000,     0.0000,     0.0358,    25.0000,     0.0000,     0.0000,    78.9864,    82.0000,   755.6935,    93.0017,    95.1535,  1781.1316,     0.2121,   933.0730,    68.2526,     5.0000,     0.0000,          E,          0,    0.40068,     6.0000,     3.6847,
154 bandymas        , 15000.0000,   -10.0000, 19500.0000,     0.4539,   230.0000,   228.0000,   278.7805,   228.0000,    30.0000,     0.0000,     0.0000,     0.0000,     0.0000,     0.0000,     0.0354,    25.0000,     0.0000,     0.0000,    83.4144,    82.0000,   795.9033,    93.9634,    96.0500,  1880.9819,     0.2116,   950.2469,    70.4102,     5.0000,     0.0000,          E,          0,    0.38796,     6.0000,     3.7434,
154 bandymas        , 15000.0000,   -10.0000, 19500.0000,     0.4622,   234.2874,   232.2874,   283.9134,   232.2874,    30.0000,     0.0000,     0.0000,     0.0000,     0.0000,     0.0000,     0.0352,    25.0000,     0.0000,     0.0000,    87.3657,    82.0000,   835.7391,    94.8906,    96.9107,  1970.0828,     0.2121,   966.8185,    72.9981,     5.0000,     0.0000,          E,          0,    0.37561,     6.0000,     3.8091,
154 bandymas        , 15000.0000,   -10.0000, 19500.0000,     0.3206,   161.8827,   160.2146,   196.9417,     1.0000,    30.0000,     0.0000,     0.0000,     0.0000,     0.0000,     0.0000,     0.0482,    25.0000,     0.0000,     0.0000,    40.7028,    82.0000,   465.0594,    82.9007,    87.8197,   917.8413,     0.2533,   803.8248,    56.3296,     5.0000,     0.0000,          E,          0,    0.48798,     6.0000,     3.6356,
154 bandymas        , 15000.0000,   -10.0000, 19500.0000,     0.3450,   174.2995,   172.5492,   211.9244,     0.9900,    30.0000,     0.0000,     0.0000,     0.0000,     0.0000,     0.0000,     0.0436,    25.0000,     0.0000,     0.0000,    45.6688,    82.0000,   500.7729,    83.9917,    88.7222,  1029.8245,     0.2431,   818.7577,    57.4459,     5.0000,     0.0000,          E,          0,    0.48310,     6.0000,     3.5580,
154 bandymas        , 15000.0000,   -10.0000, 19500.0000,     0.4622,   234.2874,   232.2874,   283.9133,   999.0000,    30.0000,     0.0000,     0.0000,     0.0000,     0.0000,     0.0000,     0.0352,    25.0000,     0.0000,     0.0000,    87.3656,    82.0000,   835.7381,    94.8905,    96.9107,  1970.0807,     0.2121,   966.8181,    72.9980,     5.0000,     0.0000,          E,          0,    0.37561,     6.0000,     3.8091,
