                CASE,         ZP,        ISA,     WEIGHT,       MACH,        IAS,        CAS,        TAS, SPEED_CODE,       WIND,       TIME,       FUEL,       DIST,       RATE,       GRDT,         CD,         CG,      FLAPS,      LGEAR,         TQ,         NP,        WFE,         NL,         NH,        SHP,        SFC,        ITT,        PLA,         RC,     ENGOUT,    AIRCOND,      ICING,         SR,         CI,       COST,
                    ,       (FT),     (DG.C),       (KG),           ,       (KT),       (KT),       (KT),           ,       (KT),       (MN),       (KG),       (NM),    (FT/MN),      (DEG),           ,        (%),           ,           ,        (%),        (%),     (KG/H),        (%),        (%),       (HP),  (KG/H/HP),     (DG.C),      (DEG),           ,           ,           ,           ,    (NM/KG),    (KG/MN),    (KG/NM),
163 bandymas        , 15000.0000,    10.0000, 19500.0000,     0.2590,   130.3350,   129.1840,   165.3778,   129.1840,   -15.0000,     0.0000,     0.0000,     0.0000,     0.0000,     0.0000,     0.0763,    25.0000,     0.0000,     0.0000,    36.2033,    82.0000,   437.2577,    84.1698,    89.6114,   816.3787,     0.2678,   829.2060,    56.5110,     5.0000,     0.0000,          E,          0,    0.34391,     6.0000,     5.3017,
163 bandymas        , 15000.0000,    10.0000, 19500.0000,     0.2681,   135.0000,   133.7255,   171.1483,   133.7255,   -15.0000,     0.0000,     0.0000,     0.0000,     0.0000,     0.0000,     0.0701,    25.0000,     0.0000,     0.0000,    36.6029,    82.0000,   441.8226,    84.4013,    89.8013,   825.3898,     0.2676,   832.2054,    56.5787,     5.0000,     0.0000,          E,          0,    0.35342,     6.0000,     5.1350,
163 bandymas        , 15000.0000,    10.0000, 19500.0000,     0.2778,   140.0000,   138.6274,   177.3721,   138.6274,   -15.0000,     0.0000,     0.0000,     0.0000,     0.0000,     0.0000,     0.0644,    25.0000,     0.0000,     0.0000,    37.2547,    82.0000,   447.7219,    84.6924,    90.0352,   840.0864,     0.2665,   835.9302,    56.7153,     5.0000,     0.0000,          E,          0,    0.36266,     6.0000,     4.9745,
163 bandymas        , 15000.0000,    10.0000, 19500.0000,     0.2876,   145.0000,   143.5294,   183.5913,   143.5294,   -15.0000,     0.0000,     0.0000,     0.0000,     0.0000,     0.0000,     0.0598,    25.0000,     0.0000,     0.0000,    38.2771,    82.0000,   455.4715,    85.0689,    90.3287,   863.1431,     0.2638,   840.6576,    56.9590,     5.0000,     0.0000,          E,          0,    0.37015,     6.0000,     4.8370,
163 bandymas        , 15000.0000,    10.0000, 19500.0000,     0.2973,   150.0000,   148.4314,   189.8039,   148.4314,   -15.0000,     0.0000,     0.0000,     0.0000,     0.0000,     0.0000,     0.0559,    25.0000,     0.0000,     0.0000,    39.3321,    82.0000,   463.0164,    85.4308,    90.6120,   886.9333,     0.2610,   845.2282,    57.2073,     5.0000,     0.0000,          E,          0,    0.37753,     6.0000,     4.7082,
163 bandymas        , 15000.0000,    10.0000, 19500.0000,     0.3071,   155.0000,   153.3775,   196.0674,   153.3775,   -15.0000,     0.0000,     0.0000,     0.0000,     0.0000,     0.0000,     0.0524,    25.0000,     0.0000,     0.0000,    40.5139,    82.0000,   471.6918,    85.7512,    90.8941,   913.5812,     0.2582,   850.0230,    57.4871,     5.0000,     0.0000,          E,          0,    0.38387,     6.0000,     4.5933,
163 bandymas        , 15000.0000,    10.0000, 19500.0000,     0.3169,   160.0000,   158.3444,   202.3515,   158.3444,   -15.0000,     0.0000,     0.0000,     0.0000,     0.0000,     0.0000,     0.0497,    25.0000,     0.0000,     0.0000,    42.0399,    82.0000,   482.9199,    86.1212,    91.2229,   947.9924,     0.2547,   855.6824,    57.8619,     5.0000,     0.0000,          E,          0,    0.38796,     6.0000,     4.4991,
163 bandymas        , 15000.0000,    10.0000, 19500.0000,     0.3268,   165.0000,   163.3112,   208.6290,   163.3112,   -15.0000,     0.0000,     0.0000,     0.0000,     0.0000,     0.0000,     0.0474,    25.0000,     0.0000,     0.0000,    43.9672,    82.0000,   497.2188,    86.5721,    91.6020,   991.4523,     0.2508,   862.2477,    58.5561,     5.0000,     0.0000,          E,          0,    0.38942,     6.0000,     4.4271,
163 bandymas        , 15000.0000,    10.0000, 19500.0000,     0.3366,   170.0000,   168.2781,   214.9007,   168.2781,   -15.0000,     0.0000,     0.0000,     0.0000,     0.0000,     0.0000,     0.0455,    25.0000,     0.0000,     0.0000,    46.0722,    82.0000,   512.8676,    87.0398,    91.9847,  1038.9203,     0.2468,   868.9575,    59.4108,     5.0000,     0.0000,          E,          0,    0.38977,     6.0000,     4.3665,
163 bandymas        , 15000.0000,    10.0000, 19500.0000,     0.3464,   175.0000,   173.2450,   221.1669,   173.2450,   -15.0000,     0.0000,     0.0000,     0.0000,     0.0000,     0.0000,     0.0438,    25.0000,     0.0000,     0.0000,    48.2987,    82.0000,   529.5069,    87.5142,    92.3722,  1089.1288,     0.2431,   875.7513,    60.3195,     5.0000,     0.0000,          E,          0,    0.38936,     6.0000,     4.3145,
163 bandymas        , 15000.0000,    10.0000, 19500.0000,     0.3562,   180.0000,   178.2119,   227.4262,   178.2119,   -15.0000,     0.0000,     0.0000,     0.0000,     0.0000,     0.0000,     0.0424,    25.0000,     0.0000,     0.0000,    50.7350,    82.0000,   548.1161,    88.1637,    92.8563,  1144.0652,     0.2395,   884.2598,    61.3197,     5.0000,     0.0000,          E,          0,    0.38756,     6.0000,     4.2750,
163 bandymas        , 15000.0000,    10.0000, 19500.0000,     0.3660,   185.0000,   183.1841,   233.6851,   183.1841,   -15.0000,     0.0000,     0.0000,     0.0000,     0.0000,     0.0000,     0.0412,    25.0000,     0.0000,     0.0000,    53.4733,    82.0000,   569.0851,    88.9063,    93.3941,  1205.8138,     0.2360,   893.8085,    62.4539,     5.0000,     0.0000,          E,          0,    0.38427,     6.0000,     4.2485,
163 bandymas        , 15000.0000,    10.0000, 19500.0000,     0.3758,   190.0000,   188.1592,   239.9418,   188.1592,   -15.0000,     0.0000,     0.0000,     0.0000,     0.0000,     0.0000,     0.0402,    25.0000,     0.0000,     0.0000,    56.4468,    82.0000,   591.8245,    89.7710,    93.9719,  1272.8671,     0.2325,   904.4924,    63.6905,     5.0000,     0.0000,          E,          0,    0.38008,     6.0000,     4.2314,
163 bandymas        , 15000.0000,    10.0000, 19500.0000,     0.3856,   195.0000,   193.1344,   246.1905,   193.1344,   -15.0000,     0.0000,     0.0000,     0.0000,     0.0000,     0.0000,     0.0393,    25.0000,     0.0000,     0.0000,    59.5320,    82.0000,   616.2082,    90.7012,    94.5853,  1342.4362,     0.2295,   916.0909,    64.9719,     5.0000,     0.0000,          E,          0,    0.37518,     6.0000,     4.2225,
163 bandymas        , 15000.0000,    10.0000, 19500.0000,     0.3954,   200.0000,   198.1095,   252.4336,   198.1095,   -15.0000,     0.0000,     0.0000,     0.0000,     0.0000,     0.0000,     0.0386,    25.0000,     0.0000,     0.0000,    62.8608,    82.0000,   642.6928,    91.6989,    95.2429,  1417.5002,     0.2267,   928.7532,    66.3599,     5.0000,     0.0000,          E,          0,    0.36944,     6.0000,     4.2230,
163 bandymas        , 15000.0000,    10.0000, 19500.0000,     0.4052,   205.0000,   203.0846,   258.6689,   203.0846,   -15.0000,     0.0000,     0.0000,     0.0000,     0.0000,     0.0000,     0.0380,    25.0000,     0.0000,     0.0000,    66.4671,    82.0000,   671.0486,    92.7194,    95.9317,  1498.8215,     0.2239,   941.5960,    67.8698,     5.0000,     0.0000,          E,          0,    0.36312,     6.0000,     4.2314,
163 bandymas        , 15000.0000,    10.0000, 19500.0000,     0.4149,   210.0000,   208.0598,   264.8972,   208.0598,   -15.0000,     0.0000,     0.0000,     0.0000,     0.0000,     0.0000,     0.0374,    25.0000,     0.0000,     0.0000,    70.3286,    82.0000,   701.0048,    93.8232,    96.6529,  1585.8981,     0.2210,   954.6557,    69.9295,     5.0000,     0.0000,          E,          0,    0.35648,     6.0000,     4.2458,
163 bandymas        , 15000.0000,    10.0000, 19500.0000,     0.4244,   214.8701,   212.9056,   270.9565,   212.9056,   -15.0000,     0.0000,     0.0000,     0.0000,     0.0000,     0.0000,     0.0369,    25.0000,     0.0000,     0.0000,    74.2245,    82.0000,   731.6806,    94.8331,    97.3918,  1673.7502,     0.2186,   968.6769,    72.9978,     5.0000,     0.0000,          E,          0,    0.34982,     6.0000,     4.2651,
163 bandymas        , 15000.0000,    10.0000, 19500.0000,     0.3378,   170.6218,   168.8959,   215.6805,     1.0000,   -15.0000,     0.0000,     0.0000,     0.0000,     0.0000,     0.0000,     0.0452,    25.0000,     0.0000,     0.0000,    46.3398,    82.0000,   514.8575,    87.0963,    92.0313,  1044.9553,     0.2464,   869.7740,    59.5198,     5.0000,     0.0000,          E,          0,    0.38978,     6.0000,     4.3595,
163 bandymas        , 15000.0000,    10.0000, 19500.0000,     0.3619,   182.9056,   181.1001,   231.0622,     0.9900,   -15.0000,     0.0000,     0.0000,     0.0000,     0.0000,     0.0000,     0.0417,    25.0000,     0.0000,     0.0000,    52.2786,    82.0000,   559.9189,    88.5816,    93.1595,  1178.8737,     0.2375,   889.6292,    61.9574,     5.0000,     0.0000,          E,          0,    0.38588,     6.0000,     4.2577,
163 bandymas        , 15000.0000,    10.0000, 19500.0000,     0.4244,   214.8701,   212.9056,   270.9563,   999.0000,   -15.0000,     0.0000,     0.0000,     0.0000,     0.0000,     0.0000,     0.0369,    25.0000,     0.0000,     0.0000,    74.2243,    82.0000,   731.6795,    94.8331,    97.3918,  1673.7468,     0.2186,   968.6763,    72.9977,     5.0000,     0.0000,          E,          0,    0.34982,     6.0000,     4.2651,
