                CASE,         ZP,        ISA,     WEIGHT,       MACH,        IAS,        CAS,        TAS, SPEED_CODE,       WIND,       TIME,       FUEL,       DIST,       RATE,       GRDT,         CD,         CG,      FLAPS,      LGEAR,         TQ,         NP,        WFE,         NL,         NH,        SHP,        SFC,        ITT,        PLA,         RC,     ENGOUT,    AIRCOND,      ICING,         SR,         CI,       COST,
                    ,       (FT),     (DG.C),       (KG),           ,       (KT),       (KT),       (KT),           ,       (KT),       (MN),       (KG),       (NM),    (FT/MN),      (DEG),           ,        (%),           ,           ,        (%),        (%),     (KG/H),        (%),        (%),       (HP),  (KG/H/HP),     (DG.C),      (DEG),           ,           ,           ,           ,    (NM/KG),    (KG/MN),    (KG/NM),
17 000-8            , 17500.0000,     0.0000, 22000.0000,     0.2894,   138.7072,   137.3600,   179.5307,   137.3600,     0.0000,     0.0000,     0.0000,     0.0000,     0.0000,     0.0000,     0.0758,    25.0000,     0.0000,     0.0000,    43.7383,    82.0000,   478.1998,    86.3006,    90.2391,   986.2916,     0.2424,   842.4761,    59.7366,     5.0000,     0.0000,          E,          0,    0.37543,     6.0000,     4.6688,
17 000-8            , 17500.0000,     0.0000, 22000.0000,     0.2981,   143.0000,   141.5686,   184.9745,   141.5686,     0.0000,     0.0000,     0.0000,     0.0000,     0.0000,     0.0000,     0.0704,    25.0000,     0.0000,     0.0000,    44.2687,    82.0000,   481.6554,    86.4340,    90.3606,   998.2519,     0.2412,   844.2762,    59.8730,     5.0000,     0.0000,          E,          0,    0.38404,     6.0000,     4.5501,
17 000-8            , 17500.0000,     0.0000, 22000.0000,     0.3084,   148.0000,   146.4706,   191.3087,   146.4706,     0.0000,     0.0000,     0.0000,     0.0000,     0.0000,     0.0000,     0.0649,    25.0000,     0.0000,     0.0000,    44.8724,    82.0000,   485.7168,    86.5244,    90.4846,  1011.8655,     0.2400,   846.4037,    60.0195,     5.0000,     0.0000,          E,          0,    0.39387,     6.0000,     4.4207,
17 000-8            , 17500.0000,     0.0000, 22000.0000,     0.3186,   153.0000,   151.3907,   197.6599,   151.3907,     0.0000,     0.0000,     0.0000,     0.0000,     0.0000,     0.0000,     0.0603,    25.0000,     0.0000,     0.0000,    45.7624,    82.0000,   492.0913,    86.7085,    90.6741,  1031.9348,     0.2384,   849.7041,    60.2886,     5.0000,     0.0000,          E,          0,    0.40167,     6.0000,     4.3109,
17 000-8            , 17500.0000,     0.0000, 22000.0000,     0.3289,   158.0000,   156.3576,   204.0642,   156.3576,     0.0000,     0.0000,     0.0000,     0.0000,     0.0000,     0.0000,     0.0564,    25.0000,     0.0000,     0.0000,    46.9596,    82.0000,   500.8318,    87.0169,    90.9299,  1058.9319,     0.2365,   854.2100,    60.6867,     5.0000,     0.0000,          E,          0,    0.40745,     6.0000,     4.2184,
17 000-8            , 17500.0000,     0.0000, 22000.0000,     0.3392,   163.0000,   161.3245,   210.4605,   161.3245,     0.0000,     0.0000,     0.0000,     0.0000,     0.0000,     0.0000,     0.0531,    25.0000,     0.0000,     0.0000,    48.3807,    82.0000,   511.2886,    87.3950,    91.2282,  1090.9768,     0.2343,   859.4095,    61.1750,     5.0000,     0.0000,          E,          0,    0.41163,     6.0000,     4.1399,
17 000-8            , 17500.0000,     0.0000, 22000.0000,     0.3495,   168.0000,   166.2914,   216.8506,   166.2914,     0.0000,     0.0000,     0.0000,     0.0000,     0.0000,     0.0000,     0.0502,    25.0000,     0.0000,     0.0000,    49.9306,    82.0000,   522.9839,    87.8149,    91.5532,  1125.9263,     0.2322,   865.0186,    61.7093,     5.0000,     0.0000,          E,          0,    0.41464,     6.0000,     4.0719,
17 000-8            , 17500.0000,     0.0000, 22000.0000,     0.3598,   173.0000,   171.2583,   223.2310,   171.2583,     0.0000,     0.0000,     0.0000,     0.0000,     0.0000,     0.0000,     0.0480,    25.0000,     0.0000,     0.0000,    51.8697,    82.0000,   537.8454,    88.4453,    91.9825,  1169.6527,     0.2299,   872.7933,    62.4034,     5.0000,     0.0000,          E,          0,    0.41505,     6.0000,     4.0220,
17 000-8            , 17500.0000,     0.0000, 22000.0000,     0.3701,   178.0000,   176.2252,   229.6050,   176.2252,     0.0000,     0.0000,     0.0000,     0.0000,     0.0000,     0.0000,     0.0461,    25.0000,     0.0000,     0.0000,    54.0659,    82.0000,   554.7195,    89.1605,    92.4661,  1219.1768,     0.2275,   881.6797,    63.1958,     5.0000,     0.0000,          E,          0,    0.41391,     6.0000,     3.9839,
17 000-8            , 17500.0000,     0.0000, 22000.0000,     0.3804,   183.0000,   181.1941,   235.9730,   181.1941,     0.0000,     0.0000,     0.0000,     0.0000,     0.0000,     0.0000,     0.0444,    25.0000,     0.0000,     0.0000,    56.5447,    82.0000,   573.8037,    89.9263,    93.0080,  1275.0742,     0.2250,   891.7155,    64.0949,     5.0000,     0.0000,          E,          0,    0.41124,     6.0000,     3.9572,
17 000-8            , 17500.0000,     0.0000, 22000.0000,     0.3906,   188.0000,   186.1691,   242.3394,   186.1691,     0.0000,     0.0000,     0.0000,     0.0000,     0.0000,     0.0000,     0.0430,    25.0000,     0.0000,     0.0000,    59.2163,    82.0000,   594.2523,    90.7334,    93.5800,  1335.3191,     0.2225,   902.3987,    65.0592,     5.0000,     0.0000,          E,          0,    0.40781,     6.0000,     3.9377,
17 000-8            , 17500.0000,     0.0000, 22000.0000,     0.4009,   193.0000,   191.1443,   248.6987,   191.1443,     0.0000,     0.0000,     0.0000,     0.0000,     0.0000,     0.0000,     0.0418,    25.0000,     0.0000,     0.0000,    62.0350,    82.0000,   615.8345,    91.5952,    94.1849,  1398.8799,     0.2201,   913.7142,    66.0669,     5.0000,     0.0000,          E,          0,    0.40384,     6.0000,     3.9238,
17 000-8            , 17500.0000,     0.0000, 22000.0000,     0.4111,   198.0000,   196.1194,   255.0488,   196.1194,     0.0000,     0.0000,     0.0000,     0.0000,     0.0000,     0.0000,     0.0407,    25.0000,     0.0000,     0.0000,    65.1708,    82.0000,   639.6841,    92.4046,    94.8402,  1469.5909,     0.2176,   926.0396,    67.1892,     5.0000,     0.0000,          E,          0,    0.39871,     6.0000,     3.9196,
17 000-8            , 17500.0000,     0.0000, 22000.0000,     0.4213,   203.0000,   201.0946,   261.3899,   201.0946,     0.0000,     0.0000,     0.0000,     0.0000,     0.0000,     0.0000,     0.0399,    25.0000,     0.0000,     0.0000,    68.5528,    82.0000,   668.3141,    93.3137,    95.5808,  1545.8549,     0.2162,   940.0443,    68.4057,     5.0000,     0.0000,          E,          0,    0.39112,     6.0000,     3.9340,
17 000-8            , 17500.0000,     0.0000, 22000.0000,     0.4315,   208.0000,   206.0697,   267.7226,   206.0697,     0.0000,     0.0000,     0.0000,     0.0000,     0.0000,     0.0000,     0.0391,    25.0000,     0.0000,     0.0000,    72.2576,    82.0000,   700.1905,    94.2247,    96.3877,  1629.3979,     0.2149,   955.5362,    70.5790,     5.0000,     0.0000,          E,          0,    0.38236,     6.0000,     3.9600,
17 000-8            , 17500.0000,     0.0000, 22000.0000,     0.4400,   212.1725,   210.2214,   272.9998,   210.2214,     0.0000,     0.0000,     0.0000,     0.0000,     0.0000,     0.0000,     0.0385,    25.0000,     0.0000,     0.0000,    75.4463,    82.0000,   730.0592,    95.0005,    97.1151,  1701.3010,     0.2146,   969.6613,    72.9980,     5.0000,     0.0000,          E,          0,    0.37394,     6.0000,     3.9929,
17 000-8            , 17500.0000,     0.0000, 22000.0000,     0.3561,   171.1728,   169.4431,   220.9005,     1.0000,     0.0000,     0.0000,     0.0000,     0.0000,     0.0000,     0.0000,     0.0488,    25.0000,     0.0000,     0.0000,    51.1246,    82.0000,   532.1292,    88.2012,    91.8175,  1152.8517,     0.2308,   869.7890,    62.1353,     5.0000,     0.0000,          E,          0,    0.41513,     6.0000,     4.0386,
17 000-8            , 17500.0000,     0.0000, 22000.0000,     0.3812,   183.4013,   181.5933,   236.4832,     0.9900,     0.0000,     0.0000,     0.0000,     0.0000,     0.0000,     0.0000,     0.0443,    25.0000,     0.0000,     0.0000,    56.7546,    82.0000,   575.4208,    89.9908,    93.0537,  1279.8081,     0.2248,   892.5645,    64.1711,     5.0000,     0.0000,          E,          0,    0.41097,     6.0000,     3.9555,
17 000-8            , 17500.0000,     0.0000, 22000.0000,     0.4400,   212.1724,   210.2213,   272.9998,   999.0000,     0.0000,     0.0000,     0.0000,     0.0000,     0.0000,     0.0000,     0.0385,    25.0000,     0.0000,     0.0000,    75.4462,    82.0000,   730.0586,    95.0005,    97.1151,  1701.2997,     0.2146,   969.6610,    72.9979,     5.0000,     0.0000,          E,          0,    0.37394,     6.0000,     3.9929,
