                CASE,         ZP,        ISA,     WEIGHT,       MACH,        IAS,        CAS,        TAS, SPEED_CODE,       WIND,       TIME,       FUEL,       DIST,       RATE,       GRDT,         CD,         CG,      FLAPS,      LGEAR,         TQ,         NP,        WFE,         NL,         NH,        SHP,        SFC,        ITT,        PLA,         RC,     ENGOUT,    AIRCOND,      ICING,         SR,         CI,       COST,
                    ,       (FT),     (DG.C),       (KG),           ,       (KT),       (KT),       (KT),           ,       (KT),       (MN),       (KG),       (NM),    (FT/MN),      (DEG),           ,        (%),           ,           ,        (%),        (%),     (KG/H),        (%),        (%),       (HP),  (KG/H/HP),     (DG.C),      (DEG),           ,           ,           ,           ,    (NM/KG),    (KG/MN),    (KG/NM),
17 000-14           , 18500.0000,     0.0000, 22000.0000,     0.2954,   138.7498,   137.4017,   182.5298,   137.4017,     0.0000,     0.0000,     0.0000,     0.0000,     0.0000,     0.0000,     0.0759,    25.0000,     0.0000,     0.0000,    44.5252,    82.0000,   478.1149,    87.0960,    90.6202,  1004.0359,     0.2381,   849.3179,    60.8042,     5.0000,     0.0000,          E,          0,    0.38177,     6.0000,     4.5917,
17 000-14           , 18500.0000,     0.0000, 22000.0000,     0.3042,   143.0000,   141.5686,   188.0035,   141.5686,     0.0000,     0.0000,     0.0000,     0.0000,     0.0000,     0.0000,     0.0705,    25.0000,     0.0000,     0.0000,    44.9732,    82.0000,   480.8578,    87.1713,    90.7106,  1014.1388,     0.2371,   850.7517,    60.9005,     5.0000,     0.0000,          E,          0,    0.39098,     6.0000,     4.4726,
17 000-14           , 18500.0000,     0.0000, 22000.0000,     0.3146,   148.0000,   146.4706,   194.4359,   146.4706,     0.0000,     0.0000,     0.0000,     0.0000,     0.0000,     0.0000,     0.0651,    25.0000,     0.0000,     0.0000,    45.5790,    82.0000,   485.0357,    87.2503,    90.8263,  1027.8000,     0.2360,   852.8161,    61.0448,     5.0000,     0.0000,          E,          0,    0.40087,     6.0000,     4.3461,
17 000-14           , 18500.0000,     0.0000, 22000.0000,     0.3251,   153.0000,   151.3907,   200.8838,   151.3907,     0.0000,     0.0000,     0.0000,     0.0000,     0.0000,     0.0000,     0.0605,    25.0000,     0.0000,     0.0000,    46.5018,    82.0000,   491.6539,    87.4521,    91.0174,  1048.6079,     0.2344,   856.1573,    61.3291,     5.0000,     0.0000,          E,          0,    0.40859,     6.0000,     4.2395,
17 000-14           , 18500.0000,     0.0000, 22000.0000,     0.3356,   158.0000,   156.3576,   207.3859,   156.3576,     0.0000,     0.0000,     0.0000,     0.0000,     0.0000,     0.0000,     0.0566,    25.0000,     0.0000,     0.0000,    47.7318,    82.0000,   500.9833,    87.7770,    91.2849,  1076.3448,     0.2327,   860.7724,    61.7450,     5.0000,     0.0000,          E,          0,    0.41396,     6.0000,     4.1516,
17 000-14           , 18500.0000,     0.0000, 22000.0000,     0.3461,   163.0000,   161.3245,   213.8792,   161.3245,     0.0000,     0.0000,     0.0000,     0.0000,     0.0000,     0.0000,     0.0532,    25.0000,     0.0000,     0.0000,    49.1870,    82.0000,   512.1317,    88.1883,    91.6059,  1109.1582,     0.2309,   866.2563,    62.2536,     5.0000,     0.0000,          E,          0,    0.41763,     6.0000,     4.0777,
17 000-14           , 18500.0000,     0.0000, 22000.0000,     0.3566,   168.0000,   166.2914,   220.3651,   166.2914,     0.0000,     0.0000,     0.0000,     0.0000,     0.0000,     0.0000,     0.0504,    25.0000,     0.0000,     0.0000,    50.6843,    82.0000,   523.4938,    88.6445,    91.9393,  1142.9224,     0.2290,   872.2659,    62.7692,     5.0000,     0.0000,          E,          0,    0.42095,     6.0000,     4.0092,
17 000-14           , 18500.0000,     0.0000, 22000.0000,     0.3671,   173.0000,   171.2583,   226.8411,   171.2583,     0.0000,     0.0000,     0.0000,     0.0000,     0.0000,     0.0000,     0.0481,    25.0000,     0.0000,     0.0000,    52.6581,    82.0000,   538.5646,    89.2776,    92.3892,  1187.4325,     0.2268,   880.5742,    63.4880,     5.0000,     0.0000,          E,          0,    0.42120,     6.0000,     3.9612,
17 000-14           , 18500.0000,     0.0000, 22000.0000,     0.3775,   178.0000,   176.2252,   233.3096,   176.2252,     0.0000,     0.0000,     0.0000,     0.0000,     0.0000,     0.0000,     0.0462,    25.0000,     0.0000,     0.0000,    54.9127,    82.0000,   555.8308,    89.9890,    92.8994,  1238.2737,     0.2244,   890.0417,    64.3174,     5.0000,     0.0000,          E,          0,    0.41975,     6.0000,     3.9254,
17 000-14           , 18500.0000,     0.0000, 22000.0000,     0.3880,   183.0000,   181.1941,   239.7711,   181.1941,     0.0000,     0.0000,     0.0000,     0.0000,     0.0000,     0.0000,     0.0445,    25.0000,     0.0000,     0.0000,    57.4702,    82.0000,   575.3536,    90.7923,    93.4694,  1295.9440,     0.2220,   900.6577,    65.2643,     5.0000,     0.0000,          E,          0,    0.41674,     6.0000,     3.9010,
17 000-14           , 18500.0000,     0.0000, 22000.0000,     0.3984,   188.0000,   186.1691,   246.2309,   186.1691,     0.0000,     0.0000,     0.0000,     0.0000,     0.0000,     0.0000,     0.0431,    25.0000,     0.0000,     0.0000,    60.0795,    82.0000,   595.3867,    91.5521,    94.0584,  1354.7822,     0.2197,   912.1076,    66.2140,     5.0000,     0.0000,          E,          0,    0.41356,     6.0000,     3.8800,
17 000-14           , 18500.0000,     0.0000, 22000.0000,     0.4089,   193.0000,   191.1443,   252.6823,   191.1443,     0.0000,     0.0000,     0.0000,     0.0000,     0.0000,     0.0000,     0.0418,    25.0000,     0.0000,     0.0000,    62.9119,    82.0000,   617.1995,    92.3024,    94.6800,  1418.6542,     0.2175,   923.9093,    67.2415,     5.0000,     0.0000,          E,          0,    0.40940,     6.0000,     3.8673,
17 000-14           , 18500.0000,     0.0000, 22000.0000,     0.4193,   198.0000,   196.1194,   259.1245,   196.1194,     0.0000,     0.0000,     0.0000,     0.0000,     0.0000,     0.0000,     0.0408,    25.0000,     0.0000,     0.0000,    66.1006,    82.0000,   644.4683,    93.1966,    95.4119,  1490.5588,     0.2162,   937.6797,    68.4024,     5.0000,     0.0000,          E,          0,    0.40207,     6.0000,     3.8764,
17 000-14           , 18500.0000,     0.0000, 22000.0000,     0.4297,   203.0000,   201.0946,   265.5558,   201.0946,     0.0000,     0.0000,     0.0000,     0.0000,     0.0000,     0.0000,     0.0399,    25.0000,     0.0000,     0.0000,    69.6273,    82.0000,   674.7165,    94.0671,    96.2125,  1570.0836,     0.2149,   953.0480,    70.4819,     5.0000,     0.0000,          E,          0,    0.39358,     6.0000,     3.8964,
17 000-14           , 18500.0000,     0.0000, 22000.0000,     0.4388,   207.3458,   205.4187,   271.1387,   205.4187,     0.0000,     0.0000,     0.0000,     0.0000,     0.0000,     0.0000,     0.0392,    25.0000,     0.0000,     0.0000,    72.8608,    82.0000,   706.2488,    94.9143,    97.0063,  1642.9988,     0.2149,   968.3970,    72.9979,     5.0000,     0.0000,          E,          0,    0.38391,     6.0000,     3.9325,
17 000-14           , 18500.0000,     0.0000, 22000.0000,     0.3635,   171.2835,   169.5532,   224.6192,     1.0000,     0.0000,     0.0000,     0.0000,     0.0000,     0.0000,     0.0000,     0.0488,    25.0000,     0.0000,     0.0000,    51.9550,    82.0000,   533.1915,    89.0567,    92.2293,  1171.5773,     0.2276,   877.6098,    63.2314,     5.0000,     0.0000,          E,          0,    0.42127,     6.0000,     3.9765,
17 000-14           , 18500.0000,     0.0000, 22000.0000,     0.3870,   182.5456,   180.7419,   239.1833,     0.9900,     0.0000,     0.0000,     0.0000,     0.0000,     0.0000,     0.0000,     0.0446,    25.0000,     0.0000,     0.0000,    57.2305,    82.0000,   573.4980,    90.7151,    93.4148,  1290.5392,     0.2222,   899.6385,    65.1758,     5.0000,     0.0000,          E,          0,    0.41706,     6.0000,     3.9029,
17 000-14           , 18500.0000,     0.0000, 22000.0000,     0.4388,   207.3457,   205.4187,   271.1387,   999.0000,     0.0000,     0.0000,     0.0000,     0.0000,     0.0000,     0.0000,     0.0392,    25.0000,     0.0000,     0.0000,    72.8608,    82.0000,   706.2488,    94.9143,    97.0063,  1642.9989,     0.2149,   968.3970,    72.9979,     5.0000,     0.0000,          E,          0,    0.38391,     6.0000,     3.9325,
