                CASE,         ZP,        ISA,     WEIGHT,       MACH,        IAS,        CAS,        TAS, SPEED_CODE,       WIND,       TIME,       FUEL,       DIST,       RATE,       GRDT,         CD,         CG,      FLAPS,      LGEAR,         TQ,         NP,        WFE,         NL,         NH,        SHP,        SFC,        ITT,        PLA,         RC,     ENGOUT,    AIRCOND,      ICING,         SR,         CI,       COST,
                    ,       (FT),     (DG.C),       (KG),           ,       (KT),       (KT),       (KT),           ,       (KT),       (MN),       (KG),       (NM),    (FT/MN),      (DEG),           ,        (%),           ,           ,        (%),        (%),     (KG/H),        (%),        (%),       (HP),  (KG/H/HP),     (DG.C),      (DEG),           ,           ,           ,           ,    (NM/KG),    (KG/MN),    (KG/NM),
17 000-13           , 18500.0000,     0.0000, 21000.0000,     0.2886,   135.5031,   134.2188,   178.3459,   134.2188,     0.0000,     0.0000,     0.0000,     0.0000,     0.0000,     0.0000,     0.0761,    25.0000,     0.0000,     0.0000,    41.6000,    82.0000,   455.9366,    85.9206,    89.8550,   938.0732,     0.2430,   836.4888,    59.5023,     5.0000,     0.0000,          E,          0,    0.39116,     6.0000,     4.5750,
17 000-13           , 18500.0000,     0.0000, 21000.0000,     0.2980,   140.0000,   138.6274,   184.1402,   138.6274,     0.0000,     0.0000,     0.0000,     0.0000,     0.0000,     0.0000,     0.0702,    25.0000,     0.0000,     0.0000,    42.1514,    82.0000,   459.5731,    86.0685,    89.9880,   950.5073,     0.2418,   838.4600,    59.6502,     5.0000,     0.0000,          E,          0,    0.40068,     6.0000,     4.4508,
17 000-13           , 18500.0000,     0.0000, 21000.0000,     0.3084,   145.0000,   143.5294,   190.5775,   143.5294,     0.0000,     0.0000,     0.0000,     0.0000,     0.0000,     0.0000,     0.0647,    25.0000,     0.0000,     0.0000,    42.7801,    82.0000,   463.8355,    86.1781,    90.1254,   964.6844,     0.2404,   840.7940,    59.8158,     5.0000,     0.0000,          E,          0,    0.41087,     6.0000,     4.3228,
17 000-13           , 18500.0000,     0.0000, 21000.0000,     0.3188,   150.0000,   148.4314,   197.0061,   148.4314,     0.0000,     0.0000,     0.0000,     0.0000,     0.0000,     0.0000,     0.0601,    25.0000,     0.0000,     0.0000,    43.6845,    82.0000,   470.3275,    86.3815,    90.3284,   985.0783,     0.2387,   844.3026,    60.1035,     5.0000,     0.0000,          E,          0,    0.41887,     6.0000,     4.2147,
17 000-13           , 18500.0000,     0.0000, 21000.0000,     0.3293,   155.0000,   153.3775,   203.4862,   153.3775,     0.0000,     0.0000,     0.0000,     0.0000,     0.0000,     0.0000,     0.0562,    25.0000,     0.0000,     0.0000,    44.8442,    82.0000,   478.7858,    86.6948,    90.5875,  1011.2292,     0.2367,   848.8474,    60.4998,     5.0000,     0.0000,          E,          0,    0.42500,     6.0000,     4.1221,
17 000-13           , 18500.0000,     0.0000, 21000.0000,     0.3398,   160.0000,   158.3444,   209.9846,   158.3444,     0.0000,     0.0000,     0.0000,     0.0000,     0.0000,     0.0000,     0.0529,    25.0000,     0.0000,     0.0000,    46.2566,    82.0000,   489.1769,    87.0910,    90.8979,  1043.0786,     0.2345,   854.2249,    61.0018,     5.0000,     0.0000,          E,          0,    0.42926,     6.0000,     4.0440,
17 000-13           , 18500.0000,     0.0000, 21000.0000,     0.3503,   165.0000,   163.3112,   216.4742,   163.3112,     0.0000,     0.0000,     0.0000,     0.0000,     0.0000,     0.0000,     0.0500,    25.0000,     0.0000,     0.0000,    47.8487,    82.0000,   501.2121,    87.5539,    91.2495,  1078.9806,     0.2323,   860.2614,    61.5744,     5.0000,     0.0000,          E,          0,    0.43190,     6.0000,     3.9784,
17 000-13           , 18500.0000,     0.0000, 21000.0000,     0.3608,   170.0000,   168.2781,   222.9560,   168.2781,     0.0000,     0.0000,     0.0000,     0.0000,     0.0000,     0.0000,     0.0478,    25.0000,     0.0000,     0.0000,    49.7570,    82.0000,   515.8135,    88.2052,    91.6912,  1122.0112,     0.2299,   868.2506,    62.2777,     5.0000,     0.0000,          E,          0,    0.43224,     6.0000,     3.9282,
17 000-13           , 18500.0000,     0.0000, 21000.0000,     0.3713,   175.0000,   173.2450,   229.4299,   173.2450,     0.0000,     0.0000,     0.0000,     0.0000,     0.0000,     0.0000,     0.0458,    25.0000,     0.0000,     0.0000,    51.8906,    82.0000,   532.1775,    88.9265,    92.1813,  1170.1254,     0.2274,   877.2249,    63.0678,     5.0000,     0.0000,          E,          0,    0.43112,     6.0000,     3.8887,
17 000-13           , 18500.0000,     0.0000, 21000.0000,     0.3817,   180.0000,   178.2119,   235.8939,   178.2119,     0.0000,     0.0000,     0.0000,     0.0000,     0.0000,     0.0000,     0.0442,    25.0000,     0.0000,     0.0000,    54.3642,    82.0000,   551.2007,    89.7224,    92.7464,  1225.9031,     0.2248,   887.6436,    63.9936,     5.0000,     0.0000,          E,          0,    0.42796,     6.0000,     3.8628,
17 000-13           , 18500.0000,     0.0000, 21000.0000,     0.3922,   185.0000,   183.1841,   242.3561,   183.1841,     0.0000,     0.0000,     0.0000,     0.0000,     0.0000,     0.0000,     0.0428,    25.0000,     0.0000,     0.0000,    57.0099,    82.0000,   571.3823,    90.5570,    93.3370,  1285.5643,     0.2222,   898.6255,    64.9768,     5.0000,     0.0000,          E,          0,    0.42416,     6.0000,     3.8430,
17 000-13           , 18500.0000,     0.0000, 21000.0000,     0.4026,   190.0000,   188.1592,   248.8132,   188.1592,     0.0000,     0.0000,     0.0000,     0.0000,     0.0000,     0.0000,     0.0415,    25.0000,     0.0000,     0.0000,    59.7373,    82.0000,   592.2040,    91.4035,    93.9453,  1347.0660,     0.2198,   909.9607,    65.9755,     5.0000,     0.0000,          E,          0,    0.42015,     6.0000,     3.8270,
17 000-13           , 18500.0000,     0.0000, 21000.0000,     0.4131,   195.0000,   193.1344,   255.2600,   193.1344,     0.0000,     0.0000,     0.0000,     0.0000,     0.0000,     0.0000,     0.0406,    25.0000,     0.0000,     0.0000,    62.8639,    82.0000,   616.1078,    92.2415,    94.6310,  1417.5709,     0.2173,   922.8438,    67.1281,     5.0000,     0.0000,          E,          0,    0.41431,     6.0000,     3.8240,
17 000-13           , 18500.0000,     0.0000, 21000.0000,     0.4235,   200.0000,   198.1095,   261.6984,   198.1095,     0.0000,     0.0000,     0.0000,     0.0000,     0.0000,     0.0000,     0.0397,    25.0000,     0.0000,     0.0000,    66.2220,    82.0000,   644.8970,    93.1884,    95.4032,  1493.2950,     0.2159,   937.3763,    68.3573,     5.0000,     0.0000,          E,          0,    0.40580,     6.0000,     3.8399,
17 000-13           , 18500.0000,     0.0000, 21000.0000,     0.4339,   205.0000,   203.0846,   268.1261,   203.0846,     0.0000,     0.0000,     0.0000,     0.0000,     0.0000,     0.0000,     0.0389,    25.0000,     0.0000,     0.0000,    69.9063,    82.0000,   676.5551,    94.0994,    96.2398,  1576.3770,     0.2146,   953.4458,    70.5169,     5.0000,     0.0000,          E,          0,    0.39631,     6.0000,     3.8659,
17 000-13           , 18500.0000,     0.0000, 21000.0000,     0.4427,   209.2446,   207.3081,   273.5754,   207.3081,     0.0000,     0.0000,     0.0000,     0.0000,     0.0000,     0.0000,     0.0384,    25.0000,     0.0000,     0.0000,    73.1056,    82.0000,   707.9149,    94.9404,    97.0261,  1648.5195,     0.2147,   968.6523,    72.9983,     5.0000,     0.0000,          E,          0,    0.38645,     6.0000,     3.9035,
17 000-13           , 18500.0000,     0.0000, 21000.0000,     0.3584,   168.8553,   167.1411,   221.4733,     1.0000,     0.0000,     0.0000,     0.0000,     0.0000,     0.0000,     0.0000,     0.0483,    25.0000,     0.0000,     0.0000,    49.3035,    82.0000,   512.3410,    88.0506,    91.5866,  1111.7854,     0.2304,   866.3472,    62.1105,     5.0000,     0.0000,          E,          0,    0.43228,     6.0000,     3.9388,
17 000-13           , 18500.0000,     0.0000, 21000.0000,     0.3817,   180.0125,   178.2244,   235.9104,     0.9900,     0.0000,     0.0000,     0.0000,     0.0000,     0.0000,     0.0000,     0.0442,    25.0000,     0.0000,     0.0000,    54.3707,    82.0000,   551.2513,    89.7245,    92.7479,  1226.0515,     0.2248,   887.6714,    63.9961,     5.0000,     0.0000,          E,          0,    0.42795,     6.0000,     3.8627,
17 000-13           , 18500.0000,     0.0000, 21000.0000,     0.4427,   209.2446,   207.3080,   273.5749,   999.0000,     0.0000,     0.0000,     0.0000,     0.0000,     0.0000,     0.0000,     0.0384,    25.0000,     0.0000,     0.0000,    73.1053,    82.0000,   707.9118,    94.9403,    97.0260,  1648.5127,     0.2147,   968.6509,    72.9980,     5.0000,     0.0000,          E,          0,    0.38645,     6.0000,     3.9035,
