                CASE,         ZP,        ISA,     WEIGHT,       MACH,        IAS,        CAS,        TAS, SPEED_CODE,       WIND,       TIME,       FUEL,       DIST,       RATE,       GRDT,         CD,         CG,      FLAPS,      LGEAR,         TQ,         NP,        WFE,         NL,         NH,        SHP,        SFC,        ITT,        PLA,         RC,     ENGOUT,    AIRCOND,      ICING,         SR,         CI,       COST,
                    ,       (FT),     (DG.C),       (KG),           ,       (KT),       (KT),       (KT),           ,       (KT),       (MN),       (KG),       (NM),    (FT/MN),      (DEG),           ,        (%),           ,           ,        (%),        (%),     (KG/H),        (%),        (%),       (HP),  (KG/H/HP),     (DG.C),      (DEG),           ,           ,           ,           ,    (NM/KG),    (KG/MN),    (KG/NM),
183 bandymas        , 20000.0000,   -10.0000, 19500.0000,     0.2869,   130.5211,   129.3595,   172.6665,   129.3595,   -15.0000,     0.0000,     0.0000,     0.0000,     0.0000,     0.0000,     0.0761,    25.0000,     0.0000,     0.0000,    37.3577,    82.0000,   410.9679,    83.4362,    87.3429,   842.4097,     0.2439,   797.6918,    57.8488,     5.0000,     0.0000,          E,          0,    0.38365,     6.0000,     4.8899,
183 bandymas        , 20000.0000,   -10.0000, 19500.0000,     0.2965,   135.0000,   133.7255,   178.4288,   133.7255,   -15.0000,     0.0000,     0.0000,     0.0000,     0.0000,     0.0000,     0.0701,    25.0000,     0.0000,     0.0000,    37.8182,    82.0000,   414.0060,    83.5673,    87.4633,   852.7935,     0.2427,   799.4175,    57.9245,     5.0000,     0.0000,          E,          0,    0.39475,     6.0000,     4.7360,
183 bandymas        , 20000.0000,   -10.0000, 19500.0000,     0.3072,   140.0000,   138.6274,   184.8902,   138.6274,   -15.0000,     0.0000,     0.0000,     0.0000,     0.0000,     0.0000,     0.0644,    25.0000,     0.0000,     0.0000,    38.5707,    82.0000,   419.1226,    83.7576,    87.6502,   869.7633,     0.2409,   802.4159,    58.1180,     5.0000,     0.0000,          E,          0,    0.40535,     6.0000,     4.5860,
183 bandymas        , 20000.0000,   -10.0000, 19500.0000,     0.3179,   145.0000,   143.5294,   191.3445,   143.5294,   -15.0000,     0.0000,     0.0000,     0.0000,     0.0000,     0.0000,     0.0597,    25.0000,     0.0000,     0.0000,    39.4085,    82.0000,   425.0055,    83.9561,    87.8537,   888.6546,     0.2391,   805.8034,    58.3768,     5.0000,     0.0000,          E,          0,    0.41492,     6.0000,     4.4515,
183 bandymas        , 20000.0000,   -10.0000, 19500.0000,     0.3286,   150.0000,   148.4314,   197.7895,   148.4314,   -15.0000,     0.0000,     0.0000,     0.0000,     0.0000,     0.0000,     0.0558,    25.0000,     0.0000,     0.0000,    40.4489,    82.0000,   432.4264,    84.2452,    88.1048,   912.1160,     0.2370,   810.0125,    58.7212,     5.0000,     0.0000,          E,          0,    0.42271,     6.0000,     4.3352,
183 bandymas        , 20000.0000,   -10.0000, 19500.0000,     0.3394,   155.0000,   153.3775,   204.2843,   153.3775,   -15.0000,     0.0000,     0.0000,     0.0000,     0.0000,     0.0000,     0.0524,    25.0000,     0.0000,     0.0000,    41.7462,    82.0000,   441.7615,    84.6371,    88.4125,   941.3701,     0.2346,   815.1699,    59.1747,     5.0000,     0.0000,          E,          0,    0.42848,     6.0000,     4.2358,
183 bandymas        , 20000.0000,   -10.0000, 19500.0000,     0.3503,   160.0000,   158.3444,   210.7976,   158.3444,   -15.0000,     0.0000,     0.0000,     0.0000,     0.0000,     0.0000,     0.0496,    25.0000,     0.0000,     0.0000,    43.3591,    82.0000,   453.5292,    85.1462,    88.7922,   977.7415,     0.2319,   821.4552,    59.7617,     5.0000,     0.0000,          E,          0,    0.43172,     6.0000,     4.1549,
183 bandymas        , 20000.0000,   -10.0000, 19500.0000,     0.3611,   165.0000,   163.3112,   217.3005,   163.3112,   -15.0000,     0.0000,     0.0000,     0.0000,     0.0000,     0.0000,     0.0473,    25.0000,     0.0000,     0.0000,    45.1870,    82.0000,   467.2028,    85.8172,    89.2459,  1018.9601,     0.2293,   829.3566,    60.4322,     5.0000,     0.0000,          E,          0,    0.43300,     6.0000,     4.0890,
183 bandymas        , 20000.0000,   -10.0000, 19500.0000,     0.3719,   170.0000,   168.2781,   223.7944,   168.2781,   -15.0000,     0.0000,     0.0000,     0.0000,     0.0000,     0.0000,     0.0454,    25.0000,     0.0000,     0.0000,    47.1963,    82.0000,   482.2361,    86.5459,    89.7398,  1064.2683,     0.2266,   838.0844,    61.1686,     5.0000,     0.0000,          E,          0,    0.43297,     6.0000,     4.0338,
183 bandymas        , 20000.0000,   -10.0000, 19500.0000,     0.3826,   175.0000,   173.2450,   230.2795,   173.2450,   -15.0000,     0.0000,     0.0000,     0.0000,     0.0000,     0.0000,     0.0438,    25.0000,     0.0000,     0.0000,    49.4900,    82.0000,   499.4097,    87.3355,    90.2996,  1115.9927,     0.2238,   848.0493,    62.0148,     5.0000,     0.0000,          E,          0,    0.43107,     6.0000,     3.9921,
183 bandymas        , 20000.0000,   -10.0000, 19500.0000,     0.3934,   180.0000,   178.2119,   236.7538,   178.2119,   -15.0000,     0.0000,     0.0000,     0.0000,     0.0000,     0.0000,     0.0423,    25.0000,     0.0000,     0.0000,    51.9995,    82.0000,   518.0390,    88.1851,    90.9000,  1172.5801,     0.2209,   858.8126,    62.9372,     5.0000,     0.0000,          E,          0,    0.42806,     6.0000,     3.9595,
183 bandymas        , 20000.0000,   -10.0000, 19500.0000,     0.4041,   185.0000,   183.1841,   243.2249,   183.1841,   -15.0000,     0.0000,     0.0000,     0.0000,     0.0000,     0.0000,     0.0411,    25.0000,     0.0000,     0.0000,    54.7085,    82.0000,   538.1278,    89.0803,    91.5441,  1233.6678,     0.2181,   870.2981,    63.9257,     5.0000,     0.0000,          E,          0,    0.42411,     6.0000,     3.9353,
183 bandymas        , 20000.0000,   -10.0000, 19500.0000,     0.4149,   190.0000,   188.1592,   249.6900,   188.1592,   -15.0000,     0.0000,     0.0000,     0.0000,     0.0000,     0.0000,     0.0402,    25.0000,     0.0000,     0.0000,    57.6787,    82.0000,   560.2842,    89.9335,    92.2418,  1300.6461,     0.2154,   882.9272,    65.0048,     5.0000,     0.0000,          E,          0,    0.41888,     6.0000,     3.9213,
183 bandymas        , 20000.0000,   -10.0000, 19500.0000,     0.4256,   195.0000,   193.1344,   256.1436,   193.1344,   -15.0000,     0.0000,     0.0000,     0.0000,     0.0000,     0.0000,     0.0393,    25.0000,     0.0000,     0.0000,    60.8673,    82.0000,   586.8747,    90.8845,    93.0240,  1372.5488,     0.2138,   897.1404,    66.1530,     5.0000,     0.0000,          E,          0,    0.41089,     6.0000,     3.9266,
183 bandymas        , 20000.0000,   -10.0000, 19500.0000,     0.4363,   200.0000,   198.1095,   262.5878,   198.1095,   -15.0000,     0.0000,     0.0000,     0.0000,     0.0000,     0.0000,     0.0386,    25.0000,     0.0000,     0.0000,    64.3584,    82.0000,   615.9954,    91.7945,    93.8689,  1451.2710,     0.2122,   912.8039,    67.4034,     5.0000,     0.0000,          E,          0,    0.40193,     6.0000,     3.9420,
183 bandymas        , 20000.0000,   -10.0000, 19500.0000,     0.4470,   205.0000,   203.0846,   269.0201,   203.0846,   -15.0000,     0.0000,     0.0000,     0.0000,     0.0000,     0.0000,     0.0380,    25.0000,     0.0000,     0.0000,    68.1262,    82.0000,   652.8749,    92.8731,    94.8748,  1536.2356,     0.2125,   931.5922,    68.7416,     5.0000,     0.0000,          E,          0,    0.38908,     6.0000,     3.9874,
183 bandymas        , 20000.0000,   -10.0000, 19500.0000,     0.4577,   210.0000,   208.0598,   275.4416,   208.0598,   -15.0000,     0.0000,     0.0000,     0.0000,     0.0000,     0.0000,     0.0374,    25.0000,     0.0000,     0.0000,    72.0216,    82.0000,   691.6197,    94.0651,    95.9132,  1624.0764,     0.2129,   951.1547,    71.4167,     5.0000,     0.0000,          E,          0,    0.37657,     6.0000,     4.0378,
183 bandymas        , 20000.0000,   -10.0000, 19500.0000,     0.4633,   212.6339,   210.6805,   278.8202,   210.6805,   -15.0000,     0.0000,     0.0000,     0.0000,     0.0000,     0.0000,     0.0371,    25.0000,     0.0000,     0.0000,    74.1167,    82.0000,   714.2369,    94.8443,    96.5962,  1671.3207,     0.2137,   964.1791,    72.9969,     5.0000,     0.0000,          E,          0,    0.36937,     6.0000,     4.0719,
183 bandymas        , 20000.0000,   -10.0000, 19500.0000,     0.3667,   167.5987,   165.8928,   220.6773,     1.0000,   -15.0000,     0.0000,     0.0000,     0.0000,     0.0000,     0.0000,     0.0462,    25.0000,     0.0000,     0.0000,    46.1887,    82.0000,   474.6921,    86.1817,    89.4924,  1041.5474,     0.2279,   833.7068,    60.7978,     5.0000,     0.0000,          E,          0,    0.43329,     6.0000,     4.0583,
183 bandymas        , 20000.0000,   -10.0000, 19500.0000,     0.3906,   178.7160,   176.9364,   235.0915,     0.9900,   -15.0000,     0.0000,     0.0000,     0.0000,     0.0000,     0.0000,     0.0427,    25.0000,     0.0000,     0.0000,    51.3286,    82.0000,   513.0901,    87.9587,    90.7405,  1157.4524,     0.2216,   855.9478,    62.6906,     5.0000,     0.0000,          E,          0,    0.42895,     6.0000,     3.9669,
183 bandymas        , 20000.0000,   -10.0000, 19500.0000,     0.4633,   212.6339,   210.6805,   278.8198,   999.0000,   -15.0000,     0.0000,     0.0000,     0.0000,     0.0000,     0.0000,     0.0371,    25.0000,     0.0000,     0.0000,    74.1165,    82.0000,   714.2345,    94.8442,    96.5961,  1671.3156,     0.2137,   964.1776,    72.9966,     5.0000,     0.0000,          E,          0,    0.36937,     6.0000,     4.0718,
