                CASE,         ZP,        ISA,     WEIGHT,       MACH,        IAS,        CAS,        TAS, SPEED_CODE,       WIND,       TIME,       FUEL,       DIST,       RATE,       GRDT,         CD,         CG,      FLAPS,      LGEAR,         TQ,         NP,        WFE,         NL,         NH,        SHP,        SFC,        ITT,        PLA,         RC,     ENGOUT,    AIRCOND,      ICING,         SR,         CI,       COST,
                    ,       (FT),     (DG.C),       (KG),           ,       (KT),       (KT),       (KT),           ,       (KT),       (MN),       (KG),       (NM),    (FT/MN),      (DEG),           ,        (%),           ,           ,        (%),        (%),     (KG/H),        (%),        (%),       (HP),  (KG/H/HP),     (DG.C),      (DEG),           ,           ,           ,           ,    (NM/KG),    (KG/MN),    (KG/NM),
195 bandymas        , 20000.0000,    10.0000, 19500.0000,     0.2869,   130.5211,   129.3595,   179.7597,   129.3595,    30.0000,     0.0000,     0.0000,     0.0000,     0.0000,     0.0000,     0.0768,    25.0000,     0.0000,     0.0000,    39.3550,    82.0000,   434.2869,    87.0628,    91.0625,   887.4492,     0.2447,   855.3904,    60.5390,     5.0000,     0.0000,          E,          0,    0.48300,     6.0000,     3.7867,
195 bandymas        , 20000.0000,    10.0000, 19500.0000,     0.2965,   135.0000,   133.7255,   185.7587,   133.7255,    30.0000,     0.0000,     0.0000,     0.0000,     0.0000,     0.0000,     0.0708,    25.0000,     0.0000,     0.0000,    39.9305,    82.0000,   438.2722,    87.2380,    91.2145,   900.4258,     0.2434,   857.7129,    60.7256,     5.0000,     0.0000,          E,          0,    0.49229,     6.0000,     3.6998,
195 bandymas        , 20000.0000,    10.0000, 19500.0000,     0.3072,   140.0000,   138.6274,   192.4856,   138.6274,    30.0000,     0.0000,     0.0000,     0.0000,     0.0000,     0.0000,     0.0651,    25.0000,     0.0000,     0.0000,    40.5610,    82.0000,   442.5809,    87.3682,    91.3642,   914.6452,     0.2419,   860.2384,    60.9203,     5.0000,     0.0000,          E,          0,    0.50270,     6.0000,     3.6073,
195 bandymas        , 20000.0000,    10.0000, 19500.0000,     0.3179,   145.0000,   143.5294,   199.2050,   143.5294,    30.0000,     0.0000,     0.0000,     0.0000,     0.0000,     0.0000,     0.0604,    25.0000,     0.0000,     0.0000,    41.5132,    82.0000,   449.5592,    87.6120,    91.5958,   936.1155,     0.2401,   864.3073,    61.2747,     5.0000,     0.0000,          E,          0,    0.50984,     6.0000,     3.5320,
195 bandymas        , 20000.0000,    10.0000, 19500.0000,     0.3286,   150.0000,   148.4314,   205.9147,   148.4314,    30.0000,     0.0000,     0.0000,     0.0000,     0.0000,     0.0000,     0.0565,    25.0000,     0.0000,     0.0000,    42.7087,    82.0000,   458.4556,    87.9701,    91.8840,   963.0748,     0.2380,   869.4497,    61.7458,     5.0000,     0.0000,          E,          0,    0.51459,     6.0000,     3.4693,
195 bandymas        , 20000.0000,    10.0000, 19500.0000,     0.3394,   155.0000,   153.3775,   212.6764,   153.3775,    30.0000,     0.0000,     0.0000,     0.0000,     0.0000,     0.0000,     0.0531,    25.0000,     0.0000,     0.0000,    44.1573,    82.0000,   469.3277,    88.4142,    92.2263,   995.7409,     0.2357,   875.4814,    62.3353,     5.0000,     0.0000,          E,          0,    0.51707,     6.0000,     3.4174,
195 bandymas        , 20000.0000,    10.0000, 19500.0000,     0.3503,   160.0000,   158.3444,   219.4573,   158.3444,    30.0000,     0.0000,     0.0000,     0.0000,     0.0000,     0.0000,     0.0502,    25.0000,     0.0000,     0.0000,    45.7425,    82.0000,   481.5820,    88.9117,    92.6022,  1031.4868,     0.2334,   882.0493,    62.9821,     5.0000,     0.0000,          E,          0,    0.51800,     6.0000,     3.3737,
195 bandymas        , 20000.0000,    10.0000, 19500.0000,     0.3611,   165.0000,   163.3112,   226.2273,   163.3112,    30.0000,     0.0000,     0.0000,     0.0000,     0.0000,     0.0000,     0.0479,    25.0000,     0.0000,     0.0000,    47.6700,    82.0000,   496.6291,    89.6180,    93.0797,  1074.9510,     0.2310,   890.8523,    63.7900,     5.0000,     0.0000,          E,          0,    0.51593,     6.0000,     3.3432,
195 bandymas        , 20000.0000,    10.0000, 19500.0000,     0.3719,   170.0000,   168.2781,   232.9879,   168.2781,    30.0000,     0.0000,     0.0000,     0.0000,     0.0000,     0.0000,     0.0460,    25.0000,     0.0000,     0.0000,    49.8602,    82.0000,   513.7864,    90.4000,    93.6184,  1124.3396,     0.2285,   900.9011,    64.7158,     5.0000,     0.0000,          E,          0,    0.51186,     6.0000,     3.3225,
195 bandymas        , 20000.0000,    10.0000, 19500.0000,     0.3826,   175.0000,   173.2450,   239.7394,   173.2450,    30.0000,     0.0000,     0.0000,     0.0000,     0.0000,     0.0000,     0.0443,    25.0000,     0.0000,     0.0000,    52.3585,    82.0000,   533.4074,    91.2608,    94.2279,  1180.6769,     0.2259,   912.3550,    65.7798,     5.0000,     0.0000,          E,          0,    0.50569,     6.0000,     3.3121,
195 bandymas        , 20000.0000,    10.0000, 19500.0000,     0.3934,   180.0000,   178.2119,   246.4797,   178.2119,    30.0000,     0.0000,     0.0000,     0.0000,     0.0000,     0.0000,     0.0429,    25.0000,     0.0000,     0.0000,    54.8901,    82.0000,   553.0914,    92.1087,    94.8291,  1237.7621,     0.2234,   923.7969,    66.8419,     5.0000,     0.0000,          E,          0,    0.49988,     6.0000,     3.3026,
195 bandymas        , 20000.0000,    10.0000, 19500.0000,     0.4041,   185.0000,   183.1841,   253.2167,   183.1841,    30.0000,     0.0000,     0.0000,     0.0000,     0.0000,     0.0000,     0.0416,    25.0000,     0.0000,     0.0000,    57.6506,    82.0000,   574.6392,    92.9633,    95.4873,  1300.0127,     0.2210,   936.5353,    67.9988,     5.0000,     0.0000,          E,          0,    0.49286,     6.0000,     3.3001,
195 bandymas        , 20000.0000,    10.0000, 19500.0000,     0.4149,   190.0000,   188.1592,   259.9473,   188.1592,    30.0000,     0.0000,     0.0000,     0.0000,     0.0000,     0.0000,     0.0406,    25.0000,     0.0000,     0.0000,    60.7542,    82.0000,   599.7570,    93.8686,    96.2269,  1369.9974,     0.2189,   950.7075,    69.6529,     5.0000,     0.0000,          E,          0,    0.48344,     6.0000,     3.3101,
195 bandymas        , 20000.0000,    10.0000, 19500.0000,     0.4256,   195.0000,   193.1344,   266.6660,   193.1344,    30.0000,     0.0000,     0.0000,     0.0000,     0.0000,     0.0000,     0.0397,    25.0000,     0.0000,     0.0000,    64.1244,    82.0000,   629.2953,    94.8499,    97.0530,  1445.9955,     0.2176,   966.6487,    72.6740,     5.0000,     0.0000,          E,          0,    0.47143,     6.0000,     3.3347,
195 bandymas        , 20000.0000,    10.0000, 19500.0000,     0.4267,   195.5067,   193.6385,   267.3465,   193.6385,    30.0000,     0.0000,     0.0000,     0.0000,     0.0000,     0.0000,     0.0396,    25.0000,     0.0000,     0.0000,    64.4877,    82.0000,   632.4866,    94.9434,    97.1415,  1454.1864,     0.2175,   968.3896,    72.9989,     5.0000,     0.0000,          E,          0,    0.47012,     6.0000,     3.3378,
195 bandymas        , 20000.0000,    10.0000, 19500.0000,     0.3460,   158.0141,   156.3716,   216.7652,     1.0000,    30.0000,     0.0000,     0.0000,     0.0000,     0.0000,     0.0000,     0.0512,    25.0000,     0.0000,     0.0000,    45.0322,    82.0000,   475.9854,    88.6752,    92.4295,  1015.4691,     0.2344,   879.0372,    62.6854,     5.0000,     0.0000,          E,          0,    0.51843,     6.0000,     3.3878,
195 bandymas        , 20000.0000,    10.0000, 19500.0000,     0.3688,   168.6030,   166.8904,   231.1008,     0.9900,    30.0000,     0.0000,     0.0000,     0.0000,     0.0000,     0.0000,     0.0465,    25.0000,     0.0000,     0.0000,    49.2149,    82.0000,   508.7244,    90.1777,    93.4600,  1109.7880,     0.2292,   897.9335,    64.4419,     5.0000,     0.0000,          E,          0,    0.51325,     6.0000,     3.3272,
195 bandymas        , 20000.0000,    10.0000, 19500.0000,     0.4267,   195.5066,   193.6384,   267.3466,   999.0000,    30.0000,     0.0000,     0.0000,     0.0000,     0.0000,     0.0000,     0.0396,    25.0000,     0.0000,     0.0000,    64.4877,    82.0000,   632.4868,    94.9434,    97.1415,  1454.1871,     0.2175,   968.3897,    72.9990,     5.0000,     0.0000,          E,          0,    0.47012,     6.0000,     3.3378,
