                CASE,         ZP,        ISA,     WEIGHT,       MACH,        IAS,        CAS,        TAS, SPEED_CODE,       WIND,       TIME,       FUEL,       DIST,       RATE,       GRDT,         CD,         CG,      FLAPS,      LGEAR,         TQ,         NP,        WFE,         NL,         NH,        SHP,        SFC,        ITT,        PLA,         RC,     ENGOUT,    AIRCOND,      ICING,         SR,         CI,       COST,
                    ,       (FT),     (DG.C),       (KG),           ,       (KT),       (KT),       (KT),           ,       (KT),       (MN),       (KG),       (NM),    (FT/MN),      (DEG),           ,        (%),           ,           ,        (%),        (%),     (KG/H),        (%),        (%),       (HP),  (KG/H/HP),     (DG.C),      (DEG),           ,           ,           ,           ,    (NM/KG),    (KG/MN),    (KG/NM),
202 bandymas        , 25000.0000,     0.0000, 16500.0000,     0.2936,   119.6436,   119.0977,   176.7243,   119.0977,   -30.0000,     0.0000,     0.0000,     0.0000,     0.0000,     0.0000,     0.0774,    25.0000,     0.0000,     0.0000,    32.9278,    82.0000,   355.4053,    85.1419,    88.4473,   742.5165,     0.2393,   815.7842,    59.7349,     5.0000,     0.0000,          E,          0,    0.41284,     6.0000,     4.8758,
202 bandymas        , 25000.0000,     0.0000, 16500.0000,     0.3036,   124.0000,   123.2076,   182.7385,   123.2076,   -30.0000,     0.0000,     0.0000,     0.0000,     0.0000,     0.0000,     0.0713,    25.0000,     0.0000,     0.0000,    33.4159,    82.0000,   358.5125,    85.3027,    88.5903,   753.5223,     0.2379,   817.9711,    60.0393,     5.0000,     0.0000,          E,          0,    0.42603,     6.0000,     4.7042,
202 bandymas        , 25000.0000,     0.0000, 16500.0000,     0.3150,   129.0000,   127.9245,   189.6312,   127.9245,   -30.0000,     0.0000,     0.0000,     0.0000,     0.0000,     0.0000,     0.0654,    25.0000,     0.0000,     0.0000,    34.0407,    82.0000,   362.8965,    85.4627,    88.7601,   767.6116,     0.2364,   820.8467,    60.3179,     5.0000,     0.0000,          E,          0,    0.43988,     6.0000,     4.5285,
202 bandymas        , 25000.0000,     0.0000, 16500.0000,     0.3267,   134.0000,   132.7451,   196.6656,   132.7451,   -30.0000,     0.0000,     0.0000,     0.0000,     0.0000,     0.0000,     0.0605,    25.0000,     0.0000,     0.0000,    34.9279,    82.0000,   369.4444,    85.7573,    89.0142,   787.6182,     0.2345,   825.0882,    60.6693,     5.0000,     0.0000,          E,          0,    0.45113,     6.0000,     4.3767,
202 bandymas        , 25000.0000,     0.0000, 16500.0000,     0.3386,   139.0000,   137.6470,   203.8043,   137.6470,   -30.0000,     0.0000,     0.0000,     0.0000,     0.0000,     0.0000,     0.0563,    25.0000,     0.0000,     0.0000,    36.0563,    82.0000,   377.9814,    86.1769,    89.3467,   813.0647,     0.2324,   830.5768,    61.1457,     5.0000,     0.0000,          E,          0,    0.45982,     6.0000,     4.2460,
202 bandymas        , 25000.0000,     0.0000, 16500.0000,     0.3504,   144.0000,   142.5490,   210.9308,   142.5490,   -30.0000,     0.0000,     0.0000,     0.0000,     0.0000,     0.0000,     0.0528,    25.0000,     0.0000,     0.0000,    37.3846,    82.0000,   388.0901,    86.6910,    89.7425,   843.0175,     0.2302,   837.0770,    61.7217,     5.0000,     0.0000,          E,          0,    0.46621,     6.0000,     4.1347,
202 bandymas        , 25000.0000,     0.0000, 16500.0000,     0.3622,   149.0000,   147.4510,   218.0447,   147.4510,   -30.0000,     0.0000,     0.0000,     0.0000,     0.0000,     0.0000,     0.0500,    25.0000,     0.0000,     0.0000,    38.9522,    82.0000,   399.9035,    87.3489,    90.2219,   878.3651,     0.2276,   845.6807,    62.4156,     5.0000,     0.0000,          E,          0,    0.47023,     6.0000,     4.0411,
202 bandymas        , 25000.0000,     0.0000, 16500.0000,     0.3741,   154.0000,   152.3841,   225.1895,   152.3841,   -30.0000,     0.0000,     0.0000,     0.0000,     0.0000,     0.0000,     0.0477,    25.0000,     0.0000,     0.0000,    40.7557,    82.0000,   413.5312,    88.1085,    90.7681,   919.0343,     0.2250,   855.5037,    63.2209,     5.0000,     0.0000,          E,          0,    0.47201,     6.0000,     3.9630,
202 bandymas        , 25000.0000,     0.0000, 16500.0000,     0.3860,   159.0000,   157.3510,   232.3702,   157.3510,   -30.0000,     0.0000,     0.0000,     0.0000,     0.0000,     0.0000,     0.0457,    25.0000,     0.0000,     0.0000,    42.8339,    82.0000,   429.2460,    88.9677,    91.3919,   965.8972,     0.2222,   866.8557,    64.1547,     5.0000,     0.0000,          E,          0,    0.47146,     6.0000,     3.9000,
202 bandymas        , 25000.0000,     0.0000, 16500.0000,     0.3979,   164.0000,   162.3179,   239.5363,   162.3179,   -30.0000,     0.0000,     0.0000,     0.0000,     0.0000,     0.0000,     0.0440,    25.0000,     0.0000,     0.0000,    45.1480,    82.0000,   446.8304,    89.7639,    92.0966,  1018.0794,     0.2194,   880.6594,    65.1929,     5.0000,     0.0000,          E,          0,    0.46894,     6.0000,     3.8506,
202 bandymas        , 25000.0000,     0.0000, 16500.0000,     0.4098,   169.0000,   167.2848,   246.6872,   167.2848,   -30.0000,     0.0000,     0.0000,     0.0000,     0.0000,     0.0000,     0.0425,    25.0000,     0.0000,     0.0000,    47.5169,    82.0000,   465.7984,    90.6290,    92.8120,  1071.4987,     0.2174,   893.8062,    66.2336,     5.0000,     0.0000,          E,          0,    0.46520,     6.0000,     3.8110,
202 bandymas        , 25000.0000,     0.0000, 16500.0000,     0.4217,   174.0000,   172.2516,   253.8243,   172.2516,   -30.0000,     0.0000,     0.0000,     0.0000,     0.0000,     0.0000,     0.0413,    25.0000,     0.0000,     0.0000,    50.2712,    82.0000,   489.0653,    91.5578,    93.6575,  1133.6078,     0.2157,   909.4303,    67.4529,     5.0000,     0.0000,          E,          0,    0.45766,     6.0000,     3.7934,
202 bandymas        , 25000.0000,     0.0000, 16500.0000,     0.4335,   179.0000,   177.2185,   260.9446,   177.2185,   -30.0000,     0.0000,     0.0000,     0.0000,     0.0000,     0.0000,     0.0403,    25.0000,     0.0000,     0.0000,    53.2507,    82.0000,   516.0100,    92.5559,    94.5948,  1200.7941,     0.2149,   926.8738,    68.7594,     5.0000,     0.0000,          E,          0,    0.44756,     6.0000,     3.7932,
202 bandymas        , 25000.0000,     0.0000, 16500.0000,     0.4453,   184.0000,   182.1891,   268.0554,   182.1891,   -30.0000,     0.0000,     0.0000,     0.0000,     0.0000,     0.0000,     0.0394,    25.0000,     0.0000,     0.0000,    56.4675,    82.0000,   548.3327,    93.7707,    95.6635,  1273.3336,     0.2153,   946.9186,    71.6348,     5.0000,     0.0000,          E,          0,    0.43414,     6.0000,     3.8156,
202 bandymas        , 25000.0000,     0.0000, 16500.0000,     0.4503,   186.1021,   184.2807,   271.0428,   184.2807,   -30.0000,     0.0000,     0.0000,     0.0000,     0.0000,     0.0000,     0.0390,    25.0000,     0.0000,     0.0000,    57.8637,    82.0000,   562.3648,    94.3034,    96.1232,  1304.8174,     0.2155,   955.5648,    72.9980,     5.0000,     0.0000,          E,          0,    0.42862,     6.0000,     3.8266,
202 bandymas        , 25000.0000,     0.0000, 16500.0000,     0.3787,   155.9327,   154.3040,   227.9677,     1.0000,   -30.0000,     0.0000,     0.0000,     0.0000,     0.0000,     0.0000,     0.0468,    25.0000,     0.0000,     0.0000,    41.5163,    82.0000,   419.2629,    88.4254,    90.9945,   936.1854,     0.2239,   859.5908,    63.5610,     5.0000,     0.0000,          E,          0,    0.47218,     6.0000,     3.9363,
202 bandymas        , 25000.0000,     0.0000, 16500.0000,     0.4046,   166.8199,   165.1191,   243.5718,     0.9900,   -30.0000,     0.0000,     0.0000,     0.0000,     0.0000,     0.0000,     0.0431,    25.0000,     0.0000,     0.0000,    46.4563,    82.0000,   456.8786,    90.2291,    92.4857,  1047.5822,     0.2181,   887.8932,    65.7682,     5.0000,     0.0000,          E,          0,    0.46746,     6.0000,     3.8248,
202 bandymas        , 25000.0000,     0.0000, 16500.0000,     0.4503,   186.1021,   184.2807,   271.0431,   999.0000,   -30.0000,     0.0000,     0.0000,     0.0000,     0.0000,     0.0000,     0.0390,    25.0000,     0.0000,     0.0000,    57.8639,    82.0000,   562.3668,    94.3035,    96.1232,  1304.8218,     0.2155,   955.5659,    72.9982,     5.0000,     0.0000,          E,          0,    0.42862,     6.0000,     3.8266,
