                CASE,         ZP,        ISA,     WEIGHT,       MACH,        IAS,        CAS,        TAS, SPEED_CODE,       WIND,       TIME,       FUEL,       DIST,       RATE,       GRDT,         CD,         CG,      FLAPS,      LGEAR,         TQ,         NP,        WFE,         NL,         NH,        SHP,        SFC,        ITT,        PLA,         RC,     ENGOUT,    AIRCOND,      ICING,         SR,         CI,       COST,
                    ,       (FT),     (DG.C),       (KG),           ,       (KT),       (KT),       (KT),           ,       (KT),       (MN),       (KG),       (NM),    (FT/MN),      (DEG),           ,        (%),           ,           ,        (%),        (%),     (KG/H),        (%),        (%),       (HP),  (KG/H/HP),     (DG.C),      (DEG),           ,           ,           ,           ,    (NM/KG),    (KG/MN),    (KG/NM),
208 bandymas        , 25000.0000,    10.0000, 16500.0000,     0.2936,   119.6436,   119.0977,   180.3893,   119.0977,   -15.0000,     0.0000,     0.0000,     0.0000,     0.0000,     0.0000,     0.0777,    25.0000,     0.0000,     0.0000,    33.8294,    82.0000,   366.0646,    87.0358,    90.3590,   762.8478,     0.2399,   845.7985,    61.1410,     5.0000,     0.0000,          E,          0,    0.45180,     6.0000,     4.3900,
208 bandymas        , 25000.0000,    10.0000, 16500.0000,     0.3036,   124.0000,   123.2076,   186.5283,   123.2076,   -15.0000,     0.0000,     0.0000,     0.0000,     0.0000,     0.0000,     0.0717,    25.0000,     0.0000,     0.0000,    34.3359,    82.0000,   369.3534,    87.2041,    90.5074,   774.2690,     0.2385,   848.1227,    61.4765,     5.0000,     0.0000,          E,          0,    0.46440,     6.0000,     4.2521,
208 bandymas        , 25000.0000,    10.0000, 16500.0000,     0.3150,   129.0000,   127.9245,   193.5639,   127.9245,   -15.0000,     0.0000,     0.0000,     0.0000,     0.0000,     0.0000,     0.0658,    25.0000,     0.0000,     0.0000,    34.9404,    82.0000,   373.6572,    87.3455,    90.6676,   787.9001,     0.2371,   850.9061,    61.7604,     5.0000,     0.0000,          E,          0,    0.47788,     6.0000,     4.1087,
208 bandymas        , 25000.0000,    10.0000, 16500.0000,     0.3267,   134.0000,   132.7451,   200.7442,   132.7451,   -15.0000,     0.0000,     0.0000,     0.0000,     0.0000,     0.0000,     0.0609,    25.0000,     0.0000,     0.0000,    35.8727,    82.0000,   380.7651,    87.6613,    90.9361,   808.9234,     0.2354,   855.5061,    62.1588,     5.0000,     0.0000,          E,          0,    0.48782,     6.0000,     3.9881,
208 bandymas        , 25000.0000,    10.0000, 16500.0000,     0.3386,   139.0000,   137.6470,   208.0310,   137.6470,   -15.0000,     0.0000,     0.0000,     0.0000,     0.0000,     0.0000,     0.0567,    25.0000,     0.0000,     0.0000,    37.0699,    82.0000,   390.0295,    88.1142,    91.2905,   835.9194,     0.2333,   861.5115,    62.7003,     5.0000,     0.0000,          E,          0,    0.49491,     6.0000,     3.8855,
208 bandymas        , 25000.0000,    10.0000, 16500.0000,     0.3504,   144.0000,   142.5490,   215.3053,   142.5490,   -15.0000,     0.0000,     0.0000,     0.0000,     0.0000,     0.0000,     0.0532,    25.0000,     0.0000,     0.0000,    38.4418,    82.0000,   400.7047,    88.6363,    91.6993,   866.8555,     0.2311,   868.4244,    63.3305,     5.0000,     0.0000,          E,          0,    0.49988,     6.0000,     3.7977,
208 bandymas        , 25000.0000,    10.0000, 16500.0000,     0.3622,   149.0000,   147.4510,   222.5667,   147.4510,   -15.0000,     0.0000,     0.0000,     0.0000,     0.0000,     0.0000,     0.0504,    25.0000,     0.0000,     0.0000,    40.0507,    82.0000,   413.1138,    89.3112,    92.1908,   903.1364,     0.2287,   877.4962,    64.0835,     5.0000,     0.0000,          E,          0,    0.50244,     6.0000,     3.7247,
208 bandymas        , 25000.0000,    10.0000, 16500.0000,     0.3741,   154.0000,   152.3841,   229.8597,   152.3841,   -15.0000,     0.0000,     0.0000,     0.0000,     0.0000,     0.0000,     0.0480,    25.0000,     0.0000,     0.0000,    41.9604,    82.0000,   427.9216,    90.1173,    92.7682,   946.1998,     0.2261,   888.1564,    64.9918,     5.0000,     0.0000,          E,          0,    0.50210,     6.0000,     3.6671,
208 bandymas        , 25000.0000,    10.0000, 16500.0000,     0.3860,   159.0000,   157.3510,   237.1893,   157.3510,   -15.0000,     0.0000,     0.0000,     0.0000,     0.0000,     0.0000,     0.0460,    25.0000,     0.0000,     0.0000,    44.1599,    82.0000,   445.0545,    90.9954,    93.4337,   995.7991,     0.2235,   900.8013,    66.0441,     5.0000,     0.0000,          E,          0,    0.49924,     6.0000,     3.6233,
208 bandymas        , 25000.0000,    10.0000, 16500.0000,     0.3979,   164.0000,   162.3179,   244.5040,   162.3179,   -15.0000,     0.0000,     0.0000,     0.0000,     0.0000,     0.0000,     0.0443,    25.0000,     0.0000,     0.0000,    46.4975,    82.0000,   463.2212,    91.7931,    94.1438,  1048.5121,     0.2209,   915.1469,    67.1505,     5.0000,     0.0000,          E,          0,    0.49545,     6.0000,     3.5870,
208 bandymas        , 25000.0000,    10.0000, 16500.0000,     0.4098,   169.0000,   167.2848,   251.8033,   167.2848,   -15.0000,     0.0000,     0.0000,     0.0000,     0.0000,     0.0000,     0.0429,    25.0000,     0.0000,     0.0000,    48.9548,    82.0000,   483.8819,    92.6980,    94.8957,  1103.9232,     0.2192,   929.3843,    68.2979,     5.0000,     0.0000,          E,          0,    0.48938,     6.0000,     3.5636,
208 bandymas        , 25000.0000,    10.0000, 16500.0000,     0.4217,   174.0000,   172.2516,   259.0883,   172.2516,   -15.0000,     0.0000,     0.0000,     0.0000,     0.0000,     0.0000,     0.0416,    25.0000,     0.0000,     0.0000,    51.7871,    82.0000,   508.4333,    93.6285,    95.7641,  1167.7919,     0.2177,   945.9537,    70.4299,     5.0000,     0.0000,          E,          0,    0.48008,     6.0000,     3.5579,
208 bandymas        , 25000.0000,    10.0000, 16500.0000,     0.4311,   177.9770,   176.2023,   264.8707,   176.2023,   -15.0000,     0.0000,     0.0000,     0.0000,     0.0000,     0.0000,     0.0408,    25.0000,     0.0000,     0.0000,    54.2101,    82.0000,   531.1619,    94.4461,    96.5321,  1222.4288,     0.2173,   960.6636,    72.9980,     5.0000,     0.0000,          E,          0,    0.47042,     6.0000,     3.5665,
208 bandymas        , 25000.0000,    10.0000, 16500.0000,     0.3662,   150.6678,   149.0860,   224.9852,     1.0000,   -15.0000,     0.0000,     0.0000,     0.0000,     0.0000,     0.0000,     0.0495,    25.0000,     0.0000,     0.0000,    40.6610,    82.0000,   417.8394,    89.5710,    92.3773,   916.8984,     0.2279,   880.9328,    64.3737,     5.0000,     0.0000,          E,          0,    0.50255,     6.0000,     3.7043,
208 bandymas        , 25000.0000,    10.0000, 16500.0000,     0.3910,   161.0703,   159.4076,   240.2206,     0.9900,   -15.0000,     0.0000,     0.0000,     0.0000,     0.0000,     0.0000,     0.0453,    25.0000,     0.0000,     0.0000,    45.1364,    82.0000,   452.6824,    91.3291,    93.7319,  1017.8193,     0.2224,   906.8044,    66.5105,     5.0000,     0.0000,          E,          0,    0.49752,     6.0000,     3.6084,
208 bandymas        , 25000.0000,    10.0000, 16500.0000,     0.4311,   177.9770,   176.2023,   264.8707,   999.0000,   -15.0000,     0.0000,     0.0000,     0.0000,     0.0000,     0.0000,     0.0408,    25.0000,     0.0000,     0.0000,    54.2101,    82.0000,   531.1617,    94.4461,    96.5321,  1222.4283,     0.2173,   960.6635,    72.9980,     5.0000,     0.0000,          E,          0,    0.47042,     6.0000,     3.5665,
