                CASE,         ZP,        ISA,     WEIGHT,       MACH,        IAS,        CAS,        TAS, SPEED_CODE,       WIND,       TIME,       FUEL,       DIST,       RATE,       GRDT,         CD,         CG,      FLAPS,      LGEAR,         TQ,         NP,        WFE,         NL,         NH,        SHP,        SFC,        ITT,        PLA,         RC,     ENGOUT,    AIRCOND,      ICING,         SR,         CI,       COST,
                    ,       (FT),     (DG.C),       (KG),           ,       (KT),       (KT),       (KT),           ,       (KT),       (MN),       (KG),       (NM),    (FT/MN),      (DEG),           ,        (%),           ,           ,        (%),        (%),     (KG/H),        (%),        (%),       (HP),  (KG/H/HP),     (DG.C),      (DEG),           ,           ,           ,           ,    (NM/KG),    (KG/MN),    (KG/NM),
212 bandymas        , 25000.0000,   -10.0000, 19500.0000,     0.3191,   130.7602,   129.5851,   187.9884,   129.5851,   -30.0000,     0.0000,     0.0000,     0.0000,     0.0000,     0.0000,     0.0766,    25.0000,     0.0000,     0.0000,    40.7288,    82.0000,   410.5273,    87.4874,    89.4175,   918.4284,     0.2235,   833.0400,    63.1481,     5.0000,     0.0000,          E,          0,    0.38484,     6.0000,     4.8771,
212 bandymas        , 25000.0000,   -10.0000, 19500.0000,     0.3291,   135.0000,   133.7255,   193.8983,   133.7255,   -30.0000,     0.0000,     0.0000,     0.0000,     0.0000,     0.0000,     0.0709,    25.0000,     0.0000,     0.0000,    41.0911,    82.0000,   413.0677,    87.4842,    89.4843,   926.5974,     0.2229,   834.0098,    63.1925,     5.0000,     0.0000,          E,          0,    0.39678,     6.0000,     4.7168,
212 bandymas        , 25000.0000,   -10.0000, 19500.0000,     0.3409,   140.0000,   138.6274,   200.8836,   138.6274,   -30.0000,     0.0000,     0.0000,     0.0000,     0.0000,     0.0000,     0.0651,    25.0000,     0.0000,     0.0000,    41.7435,    82.0000,   417.8716,    87.5678,    89.6385,   941.3086,     0.2220,   836.4719,    63.3578,     5.0000,     0.0000,          E,          0,    0.40894,     6.0000,     4.5521,
212 bandymas        , 25000.0000,   -10.0000, 19500.0000,     0.3528,   145.0000,   143.5294,   207.8581,   143.5294,   -30.0000,     0.0000,     0.0000,     0.0000,     0.0000,     0.0000,     0.0604,    25.0000,     0.0000,     0.0000,    42.7345,    82.0000,   425.2790,    87.7977,    89.9076,   963.6564,     0.2207,   841.2094,    63.6940,     5.0000,     0.0000,          E,          0,    0.41822,     6.0000,     4.4152,
212 bandymas        , 25000.0000,   -10.0000, 19500.0000,     0.3646,   150.0000,   148.4314,   214.8176,   148.4314,   -30.0000,     0.0000,     0.0000,     0.0000,     0.0000,     0.0000,     0.0565,    25.0000,     0.0000,     0.0000,    43.9392,    82.0000,   433.9487,    88.1509,    90.2516,   990.8229,     0.2190,   848.1223,    64.1312,     5.0000,     0.0000,          E,          0,    0.42590,     6.0000,     4.2959,
212 bandymas        , 25000.0000,   -10.0000, 19500.0000,     0.3765,   155.0000,   153.3775,   221.8279,   153.3775,   -30.0000,     0.0000,     0.0000,     0.0000,     0.0000,     0.0000,     0.0530,    25.0000,     0.0000,     0.0000,    45.2238,    82.0000,   443.7982,    88.5500,    90.6296,  1019.7893,     0.2176,   855.7165,    64.5940,     5.0000,     0.0000,          E,          0,    0.43224,     6.0000,     4.1902,
212 bandymas        , 25000.0000,   -10.0000, 19500.0000,     0.3884,   160.0000,   158.3444,   228.8535,   158.3444,   -30.0000,     0.0000,     0.0000,     0.0000,     0.0000,     0.0000,     0.0501,    25.0000,     0.0000,     0.0000,    46.8251,    82.0000,   456.6215,    89.0685,    91.1228,  1055.8997,     0.2162,   865.5186,    65.2061,     5.0000,     0.0000,          E,          0,    0.43549,     6.0000,     4.1066,
212 bandymas        , 25000.0000,   -10.0000, 19500.0000,     0.4003,   165.0000,   163.3112,   235.8642,   163.3112,   -30.0000,     0.0000,     0.0000,     0.0000,     0.0000,     0.0000,     0.0479,    25.0000,     0.0000,     0.0000,    48.9063,    82.0000,   473.5608,    89.7110,    91.7840,  1102.8287,     0.2147,   878.6336,    66.0483,     5.0000,     0.0000,          E,          0,    0.43472,     6.0000,     4.0491,
212 bandymas        , 25000.0000,   -10.0000, 19500.0000,     0.4122,   170.0000,   168.2781,   242.8608,   168.2781,   -30.0000,     0.0000,     0.0000,     0.0000,     0.0000,     0.0000,     0.0459,    25.0000,     0.0000,     0.0000,    51.1246,    82.0000,   492.6764,    90.4330,    92.4656,  1152.8508,     0.2137,   890.8680,    66.9386,     5.0000,     0.0000,          E,          0,    0.43205,     6.0000,     4.0058,
212 bandymas        , 25000.0000,   -10.0000, 19500.0000,     0.4240,   175.0000,   173.2450,   249.8441,   173.2450,   -30.0000,     0.0000,     0.0000,     0.0000,     0.0000,     0.0000,     0.0442,    25.0000,     0.0000,     0.0000,    53.5531,    82.0000,   516.1375,    91.3193,    93.2569,  1207.6136,     0.2137,   905.1675,    67.9122,     5.0000,     0.0000,          E,          0,    0.42594,     6.0000,     3.9853,
212 bandymas        , 25000.0000,   -10.0000, 19500.0000,     0.4359,   180.0000,   178.2119,   256.8108,   178.2119,   -30.0000,     0.0000,     0.0000,     0.0000,     0.0000,     0.0000,     0.0428,    25.0000,     0.0000,     0.0000,    56.2626,    82.0000,   542.4393,    92.3593,    94.1402,  1268.7129,     0.2138,   921.1835,    69.0042,     5.0000,     0.0000,          E,          0,    0.41813,     6.0000,     3.9788,
212 bandymas        , 25000.0000,   -10.0000, 19500.0000,     0.4477,   185.0000,   183.1841,   263.7699,   183.1841,   -30.0000,     0.0000,     0.0000,     0.0000,     0.0000,     0.0000,     0.0415,    25.0000,     0.0000,     0.0000,    59.1904,    82.0000,   573.3832,    93.6837,    95.3178,  1334.7344,     0.2148,   942.8937,    71.6915,     5.0000,     0.0000,          E,          0,    0.40770,     6.0000,     3.9927,
212 bandymas        , 25000.0000,   -10.0000, 19500.0000,     0.4530,   187.2563,   185.4292,   266.9072,   185.4292,   -30.0000,     0.0000,     0.0000,     0.0000,     0.0000,     0.0000,     0.0411,    25.0000,     0.0000,     0.0000,    60.6149,    82.0000,   588.6931,    94.1826,    95.8973,  1366.8562,     0.2153,   953.4937,    72.9948,     5.0000,     0.0000,          E,          0,    0.40243,     6.0000,     4.0045,
212 bandymas        , 25000.0000,   -10.0000, 19500.0000,     0.3887,   160.1048,   158.4484,   229.0002,     1.0000,   -30.0000,     0.0000,     0.0000,     0.0000,     0.0000,     0.0000,     0.0501,    25.0000,     0.0000,     0.0000,    46.8665,    82.0000,   456.9580,    89.0811,    91.1360,  1056.8330,     0.2162,   865.7789,    65.2228,     5.0000,     0.0000,          E,          0,    0.43549,     6.0000,     4.1053,
212 bandymas        , 25000.0000,   -10.0000, 19500.0000,     0.4141,   170.8269,   169.0995,   244.0170,     0.9900,   -30.0000,     0.0000,     0.0000,     0.0000,     0.0000,     0.0000,     0.0456,    25.0000,     0.0000,     0.0000,    51.5111,    82.0000,   496.4048,    90.5673,    92.5916,  1161.5669,     0.2137,   893.1418,    67.0936,     5.0000,     0.0000,          E,          0,    0.43113,     6.0000,     4.0016,
212 bandymas        , 25000.0000,   -10.0000, 19500.0000,     0.4530,   187.2563,   185.4291,   266.9077,   999.0000,   -30.0000,     0.0000,     0.0000,     0.0000,     0.0000,     0.0000,     0.0411,    25.0000,     0.0000,     0.0000,    60.6154,    82.0000,   588.6993,    94.1828,    95.8975,  1366.8680,     0.2153,   953.4984,    72.9954,     5.0000,     0.0000,          E,          0,    0.40243,     6.0000,     4.0045,
