                CASE,         ZP,        ISA,     WEIGHT,       MACH,        IAS,        CAS,        TAS, SPEED_CODE,       WIND,       TIME,       FUEL,       DIST,       RATE,       GRDT,         CD,         CG,      FLAPS,      LGEAR,         TQ,         NP,        WFE,         NL,         NH,        SHP,        SFC,        ITT,        PLA,         RC,     ENGOUT,    AIRCOND,      ICING,         SR,         CI,       COST,
                    ,       (FT),     (DG.C),       (KG),           ,       (KT),       (KT),       (KT),           ,       (KT),       (MN),       (KG),       (NM),    (FT/MN),      (DEG),           ,        (%),           ,           ,        (%),        (%),     (KG/H),        (%),        (%),       (HP),  (KG/H/HP),     (DG.C),      (DEG),           ,           ,           ,           ,    (NM/KG),    (KG/MN),    (KG/NM),
216 bandymas        , 25000.0000,     0.0000, 19500.0000,     0.3191,   130.7602,   129.5851,   192.0558,   129.5851,     0.0000,     0.0000,     0.0000,     0.0000,     0.0000,     0.0000,     0.0769,    25.0000,     0.0000,     0.0000,    41.7961,    82.0000,   424.2924,    89.4541,    91.4170,   942.4952,     0.2251,   865.5100,    64.7426,     5.0000,     0.0000,          E,          0,    0.45265,     6.0000,     4.0837,
216 bandymas        , 25000.0000,     0.0000, 19500.0000,     0.3291,   135.0000,   133.7255,   198.0936,   133.7255,     0.0000,     0.0000,     0.0000,     0.0000,     0.0000,     0.0000,     0.0713,    25.0000,     0.0000,     0.0000,    42.2178,    82.0000,   427.3577,    89.4717,    91.5027,   952.0048,     0.2245,   866.8489,    64.8202,     5.0000,     0.0000,          E,          0,    0.46353,     6.0000,     3.9747,
216 bandymas        , 25000.0000,     0.0000, 19500.0000,     0.3409,   140.0000,   138.6274,   205.2299,   138.6274,     0.0000,     0.0000,     0.0000,     0.0000,     0.0000,     0.0000,     0.0655,    25.0000,     0.0000,     0.0000,    42.9523,    82.0000,   432.9277,    89.5849,    91.6831,   968.5681,     0.2235,   869.8580,    65.0385,     5.0000,     0.0000,          E,          0,    0.47405,     6.0000,     3.8636,
216 bandymas        , 25000.0000,     0.0000, 19500.0000,     0.3528,   145.0000,   143.5294,   212.3554,   143.5294,     0.0000,     0.0000,     0.0000,     0.0000,     0.0000,     0.0000,     0.0608,    25.0000,     0.0000,     0.0000,    44.0275,    82.0000,   441.1828,    89.8455,    91.9787,   992.8132,     0.2222,   875.2230,    65.4379,     5.0000,     0.0000,          E,          0,    0.48133,     6.0000,     3.7728,
216 bandymas        , 25000.0000,     0.0000, 19500.0000,     0.3646,   150.0000,   148.4314,   219.4654,   148.4314,     0.0000,     0.0000,     0.0000,     0.0000,     0.0000,     0.0000,     0.0568,    25.0000,     0.0000,     0.0000,    45.1980,    82.0000,   449.7772,    90.1830,    92.3093,  1019.2078,     0.2207,   882.1167,    65.8762,     5.0000,     0.0000,          E,          0,    0.48794,     6.0000,     3.6898,
216 bandymas        , 25000.0000,     0.0000, 19500.0000,     0.3765,   155.0000,   153.3775,   226.6274,   153.3775,     0.0000,     0.0000,     0.0000,     0.0000,     0.0000,     0.0000,     0.0534,    25.0000,     0.0000,     0.0000,    46.5955,    82.0000,   461.1118,    90.6336,    92.7302,  1050.7213,     0.2194,   890.7418,    66.4228,     5.0000,     0.0000,          E,          0,    0.49148,     6.0000,     3.6232,
216 bandymas        , 25000.0000,     0.0000, 19500.0000,     0.3884,   160.0000,   158.3444,   233.8050,   158.3444,     0.0000,     0.0000,     0.0000,     0.0000,     0.0000,     0.0000,     0.0505,    25.0000,     0.0000,     0.0000,    48.3148,    82.0000,   475.2917,    91.1686,    93.2637,  1089.4901,     0.2181,   901.6741,    67.1274,     5.0000,     0.0000,          E,          0,    0.49192,     6.0000,     3.5726,
216 bandymas        , 25000.0000,     0.0000, 19500.0000,     0.4003,   165.0000,   163.3112,   240.9674,   163.3112,     0.0000,     0.0000,     0.0000,     0.0000,     0.0000,     0.0000,     0.0482,    25.0000,     0.0000,     0.0000,    50.4379,    82.0000,   493.0345,    91.8256,    93.9381,  1137.3677,     0.2167,   915.4561,    68.0310,     5.0000,     0.0000,          E,          0,    0.48874,     6.0000,     3.5400,
216 bandymas        , 25000.0000,     0.0000, 19500.0000,     0.4122,   170.0000,   168.2781,   248.1154,   168.2781,     0.0000,     0.0000,     0.0000,     0.0000,     0.0000,     0.0000,     0.0462,    25.0000,     0.0000,     0.0000,    52.6523,    82.0000,   513.3862,    92.5595,    94.6295,  1187.3000,     0.2162,   928.2468,    68.9580,     5.0000,     0.0000,          E,          0,    0.48329,     6.0000,     3.5201,
216 bandymas        , 25000.0000,     0.0000, 19500.0000,     0.4240,   175.0000,   173.2450,   255.2498,   173.2450,     0.0000,     0.0000,     0.0000,     0.0000,     0.0000,     0.0000,     0.0445,    25.0000,     0.0000,     0.0000,    55.1965,    82.0000,   538.6269,    93.5136,    95.4610,  1244.6719,     0.2164,   943.7306,    71.3630,     5.0000,     0.0000,          E,          0,    0.47389,     6.0000,     3.5206,
216 bandymas        , 25000.0000,     0.0000, 19500.0000,     0.4314,   178.1051,   176.3295,   259.6714,   176.3295,     0.0000,     0.0000,     0.0000,     0.0000,     0.0000,     0.0000,     0.0436,    25.0000,     0.0000,     0.0000,    56.8961,    82.0000,   555.5488,    94.1671,    96.0152,  1282.9973,     0.2165,   954.0757,    72.9983,     5.0000,     0.0000,          E,          0,    0.46741,     6.0000,     3.5258,
216 bandymas        , 25000.0000,     0.0000, 19500.0000,     0.3850,   158.5764,   156.9301,   231.7630,     1.0000,     0.0000,     0.0000,     0.0000,     0.0000,     0.0000,     0.0000,     0.0512,    25.0000,     0.0000,     0.0000,    47.7402,    82.0000,   470.4961,    90.9943,    93.0817,  1076.5343,     0.2185,   897.9614,    66.8821,     5.0000,     0.0000,          E,          0,    0.49259,     6.0000,     3.5834,
216 bandymas        , 25000.0000,     0.0000, 19500.0000,     0.4048,   166.9025,   165.2012,   243.6888,     0.9900,     0.0000,     0.0000,     0.0000,     0.0000,     0.0000,     0.0000,     0.0474,    25.0000,     0.0000,     0.0000,    51.2427,    82.0000,   499.7033,    92.0768,    94.1752,  1155.5142,     0.2162,   919.8199,    68.3663,     5.0000,     0.0000,          E,          0,    0.48767,     6.0000,     3.5279,
216 bandymas        , 25000.0000,     0.0000, 19500.0000,     0.4314,   178.1051,   176.3295,   259.6714,   999.0000,     0.0000,     0.0000,     0.0000,     0.0000,     0.0000,     0.0000,     0.0436,    25.0000,     0.0000,     0.0000,    56.8960,    82.0000,   555.5485,    94.1670,    96.0152,  1282.9966,     0.2165,   954.0754,    72.9983,     5.0000,     0.0000,          E,          0,    0.46741,     6.0000,     3.5258,
