                CASE,         ZP,        ISA,     WEIGHT,       MACH,        IAS,        CAS,        TAS, SPEED_CODE,       WIND,       TIME,       FUEL,       DIST,       RATE,       GRDT,         CD,         CG,      FLAPS,      LGEAR,         TQ,         NP,        WFE,         NL,         NH,        SHP,        SFC,        ITT,        PLA,         RC,     ENGOUT,    AIRCOND,      ICING,         SR,         CI,       COST,
                    ,       (FT),     (DG.C),       (KG),           ,       (KT),       (KT),       (KT),           ,       (KT),       (MN),       (KG),       (NM),    (FT/MN),      (DEG),           ,        (%),           ,           ,        (%),        (%),     (KG/H),        (%),        (%),       (HP),  (KG/H/HP),     (DG.C),      (DEG),           ,           ,           ,           ,    (NM/KG),    (KG/MN),    (KG/NM),
226 bandymas        , 18000.0000,   -10.0000, 15000.0000,     0.2415,   113.4983,   113.3003,   146.5485,   113.3003,     0.0000,     0.0000,     0.0000,     0.0000,     0.0000,     0.0000,     0.0767,    25.0000,     0.0000,     0.0000,    25.6337,    82.0000,   333.6105,    78.2237,    83.9134,   578.0369,     0.2886,   743.8102,    53.3972,     5.0000,     0.0000,          E,          0,    0.43928,     6.0000,     4.7330,
226 bandymas        , 18000.0000,   -10.0000, 15000.0000,     0.2505,   118.0000,   117.5472,   152.0003,   117.5472,     0.0000,     0.0000,     0.0000,     0.0000,     0.0000,     0.0000,     0.0701,    25.0000,     0.0000,     0.0000,    25.9396,    82.0000,   336.1678,    78.2727,    84.0090,   584.9337,     0.2874,   745.2415,    53.4989,     5.0000,     0.0000,          E,          0,    0.45216,     6.0000,     4.5800,
226 bandymas        , 18000.0000,   -10.0000, 15000.0000,     0.2605,   123.0000,   122.2642,   158.0497,   122.2642,     0.0000,     0.0000,     0.0000,     0.0000,     0.0000,     0.0000,     0.0640,    25.0000,     0.0000,     0.0000,    26.4317,    82.0000,   342.3992,    78.6280,    84.2635,   596.0302,     0.2872,   749.1155,    53.6594,     5.0000,     0.0000,          E,          0,    0.46159,     6.0000,     4.4442,
226 bandymas        , 18000.0000,   -10.0000, 15000.0000,     0.2704,   128.0000,   126.9811,   164.0942,   126.9811,     0.0000,     0.0000,     0.0000,     0.0000,     0.0000,     0.0000,     0.0591,    25.0000,     0.0000,     0.0000,    27.0719,    82.0000,   349.0293,    78.9963,    84.5319,   610.4680,     0.2859,   753.1840,    53.8423,     5.0000,     0.0000,          E,          0,    0.47014,     6.0000,     4.3209,
226 bandymas        , 18000.0000,   -10.0000, 15000.0000,     0.2805,   133.0000,   131.7647,   170.2186,   131.7647,     0.0000,     0.0000,     0.0000,     0.0000,     0.0000,     0.0000,     0.0549,    25.0000,     0.0000,     0.0000,    27.9141,    82.0000,   356.3635,    79.3979,    84.8287,   629.4593,     0.2831,   757.6714,    54.0509,     5.0000,     0.0000,          E,          0,    0.47765,     6.0000,     4.2085,
226 bandymas        , 18000.0000,   -10.0000, 15000.0000,     0.2908,   138.0000,   136.6667,   176.4887,   136.6667,     0.0000,     0.0000,     0.0000,     0.0000,     0.0000,     0.0000,     0.0513,    25.0000,     0.0000,     0.0000,    28.9608,    82.0000,   364.3216,    79.8332,    85.1556,   653.0612,     0.2789,   762.6370,    54.3158,     5.0000,     0.0000,          E,          0,    0.48443,     6.0000,     4.1041,
226 bandymas        , 18000.0000,   -10.0000, 15000.0000,     0.3012,   143.0000,   141.5686,   182.7503,   141.5686,     0.0000,     0.0000,     0.0000,     0.0000,     0.0000,     0.0000,     0.0486,    25.0000,     0.0000,     0.0000,    30.3443,    82.0000,   373.5084,    80.3374,    85.5410,   684.2585,     0.2729,   768.5588,    54.6769,     5.0000,     0.0000,          E,          0,    0.48928,     6.0000,     4.0137,
226 bandymas        , 18000.0000,   -10.0000, 15000.0000,     0.3115,   148.0000,   146.4706,   189.0053,   146.4706,     0.0000,     0.0000,     0.0000,     0.0000,     0.0000,     0.0000,     0.0463,    25.0000,     0.0000,     0.0000,    31.7438,    82.0000,   381.8730,    80.7771,    85.9153,   715.8173,     0.2667,   774.6180,    55.0359,     5.0000,     0.0000,          E,          0,    0.49494,     6.0000,     3.9251,
226 bandymas        , 18000.0000,   -10.0000, 15000.0000,     0.3218,   153.0000,   151.3907,   195.2769,   151.3907,     0.0000,     0.0000,     0.0000,     0.0000,     0.0000,     0.0000,     0.0444,    25.0000,     0.0000,     0.0000,    33.2866,    82.0000,   391.1074,    81.2956,    86.3469,   750.6080,     0.2605,   781.5842,    55.4301,     5.0000,     0.0000,          E,          0,    0.49929,     6.0000,     3.8464,
226 bandymas        , 18000.0000,   -10.0000, 15000.0000,     0.3322,   158.0000,   156.3576,   201.6010,   156.3576,     0.0000,     0.0000,     0.0000,     0.0000,     0.0000,     0.0000,     0.0427,    25.0000,     0.0000,     0.0000,    35.0632,    82.0000,   403.8997,    81.7782,    86.7567,   790.6686,     0.2554,   788.1329,    55.8848,     5.0000,     0.0000,          E,          0,    0.49914,     6.0000,     3.7892,
226 bandymas        , 18000.0000,   -10.0000, 15000.0000,     0.3426,   163.0000,   161.3245,   207.9165,   161.3245,     0.0000,     0.0000,     0.0000,     0.0000,     0.0000,     0.0000,     0.0413,    25.0000,     0.0000,     0.0000,    37.1252,    82.0000,   418.7592,    82.3089,    87.1907,   837.1678,     0.2501,   795.1254,    56.4141,     5.0000,     0.0000,          E,          0,    0.49651,     6.0000,     3.7455,
226 bandymas        , 18000.0000,   -10.0000, 15000.0000,     0.3530,   168.0000,   166.2914,   214.2255,   166.2914,     0.0000,     0.0000,     0.0000,     0.0000,     0.0000,     0.0000,     0.0402,    25.0000,     0.0000,     0.0000,    39.4682,    82.0000,   435.5808,    82.8862,    87.6373,   890.0014,     0.2447,   802.3591,    57.0146,     5.0000,     0.0000,          E,          0,    0.49182,     6.0000,     3.7138,
226 bandymas        , 18000.0000,   -10.0000, 15000.0000,     0.3634,   173.0000,   171.2583,   220.5248,   171.2583,     0.0000,     0.0000,     0.0000,     0.0000,     0.0000,     0.0000,     0.0392,    25.0000,     0.0000,     0.0000,    41.9287,    82.0000,   453.3935,    83.5653,    88.1301,   945.4864,     0.2398,   810.4001,    57.6370,     5.0000,     0.0000,          E,          0,    0.48639,     6.0000,     3.6884,
226 bandymas        , 18000.0000,   -10.0000, 15000.0000,     0.3738,   178.0000,   176.2252,   226.8175,   176.2252,     0.0000,     0.0000,     0.0000,     0.0000,     0.0000,     0.0000,     0.0384,    25.0000,     0.0000,     0.0000,    44.6195,    82.0000,   473.2185,    84.4028,    88.7341,  1006.1616,     0.2352,   820.4114,    58.4585,     5.0000,     0.0000,          E,          0,    0.47931,     6.0000,     3.6735,
226 bandymas        , 18000.0000,   -10.0000, 15000.0000,     0.3841,   183.0000,   181.1941,   233.1036,   181.1941,     0.0000,     0.0000,     0.0000,     0.0000,     0.0000,     0.0000,     0.0377,    25.0000,     0.0000,     0.0000,    47.5291,    82.0000,   494.5996,    85.3697,    89.3805,  1071.7732,     0.2307,   831.6060,    59.5214,     5.0000,     0.0000,          E,          0,    0.47130,     6.0000,     3.6662,
226 bandymas        , 18000.0000,   -10.0000, 15000.0000,     0.3945,   188.0000,   186.1691,   239.3884,   186.1691,     0.0000,     0.0000,     0.0000,     0.0000,     0.0000,     0.0000,     0.0371,    25.0000,     0.0000,     0.0000,    50.6112,    82.0000,   517.8878,    86.4321,    90.0767,  1141.2737,     0.2269,   843.9924,    60.6343,     5.0000,     0.0000,          E,          0,    0.46224,     6.0000,     3.6672,
226 bandymas        , 18000.0000,   -10.0000, 15000.0000,     0.4048,   193.0000,   191.1443,   245.6651,   191.1443,     0.0000,     0.0000,     0.0000,     0.0000,     0.0000,     0.0000,     0.0366,    25.0000,     0.0000,     0.0000,    53.7629,    82.0000,   541.5425,    87.4905,    90.7681,  1212.3450,     0.2233,   856.1397,    61.7548,     5.0000,     0.0000,          E,          0,    0.45364,     6.0000,     3.6698,
226 bandymas        , 18000.0000,   -10.0000, 15000.0000,     0.4152,   198.0000,   196.1194,   251.9335,   196.1194,     0.0000,     0.0000,     0.0000,     0.0000,     0.0000,     0.0000,     0.0361,    25.0000,     0.0000,     0.0000,    57.1307,    82.0000,   566.3358,    88.5826,    91.4844,  1288.2876,     0.2198,   868.1999,    62.9413,     5.0000,     0.0000,          E,          0,    0.44485,     6.0000,     3.6769,
226 bandymas        , 18000.0000,   -10.0000, 15000.0000,     0.4255,   203.0000,   201.0946,   258.1918,   201.0946,     0.0000,     0.0000,     0.0000,     0.0000,     0.0000,     0.0000,     0.0358,    25.0000,     0.0000,     0.0000,    60.7519,    82.0000,   593.1913,    89.7481,    92.2623,  1369.9468,     0.2165,   881.4463,    64.2066,     5.0000,     0.0000,          E,          0,    0.43526,     6.0000,     3.6918,
226 bandymas        , 18000.0000,   -10.0000, 15000.0000,     0.4358,   208.0000,   206.0697,   264.4413,   206.0697,     0.0000,     0.0000,     0.0000,     0.0000,     0.0000,     0.0000,     0.0354,    25.0000,     0.0000,     0.0000,    64.5856,    82.0000,   622.7502,    90.7895,    93.1004,  1456.3940,     0.2138,   896.7790,    65.5316,     5.0000,     0.0000,          E,          0,    0.42463,     6.0000,     3.7163,
226 bandymas        , 18000.0000,   -10.0000, 15000.0000,     0.4461,   213.0000,   211.0448,   270.6812,   211.0448,     0.0000,     0.0000,     0.0000,     0.0000,     0.0000,     0.0000,     0.0351,    25.0000,     0.0000,     0.0000,    68.6556,    82.0000,   657.0377,    91.8823,    94.0073,  1548.1720,     0.2122,   913.5051,    66.9234,     5.0000,     0.0000,          E,          0,    0.41197,     6.0000,     3.7573,
226 bandymas        , 18000.0000,   -10.0000, 15000.0000,     0.4563,   218.0000,   216.0199,   276.9124,   216.0199,     0.0000,     0.0000,     0.0000,     0.0000,     0.0000,     0.0000,     0.0348,    25.0000,     0.0000,     0.0000,    72.8563,    82.0000,   694.2265,    92.9048,    94.9602,  1642.8973,     0.2113,   931.4549,    68.3375,     5.0000,     0.0000,          E,          0,    0.39888,     6.0000,     3.8071,
226 bandymas        , 18000.0000,   -10.0000, 15000.0000,     0.4666,   223.0000,   221.0000,   283.1398,   221.0000,     0.0000,     0.0000,     0.0000,     0.0000,     0.0000,     0.0000,     0.0346,    25.0000,     0.0000,     0.0000,    77.2935,    82.0000,   738.6795,    94.0989,    96.0535,  1742.9552,     0.2119,   952.2197,    70.7564,     5.0000,     0.0000,          E,          0,    0.38331,     6.0000,     3.8803,
226 bandymas        , 18000.0000,   -10.0000, 15000.0000,     0.4736,   226.3928,   224.3928,   287.3768,   224.3928,     0.0000,     0.0000,     0.0000,     0.0000,     0.0000,     0.0000,     0.0344,    25.0000,     0.0000,     0.0000,    80.4514,    82.0000,   771.0042,    95.0264,    96.8678,  1814.1652,     0.2125,   967.8347,    72.9969,     5.0000,     0.0000,          E,          0,    0.37273,     6.0000,     3.9356,
226 bandymas        , 18000.0000,   -10.0000, 15000.0000,     0.3262,   155.0950,   153.4718,   197.9280,     1.0000,     0.0000,     0.0000,     0.0000,     0.0000,     0.0000,     0.0000,     0.0436,    25.0000,     0.0000,     0.0000,    34.0046,    82.0000,   396.2763,    81.4957,    86.5169,   766.7980,     0.2584,   784.3060,    55.6139,     5.0000,     0.0000,          E,          0,    0.49947,     6.0000,     3.8210,
226 bandymas        , 18000.0000,   -10.0000, 15000.0000,     0.3472,   165.2029,   163.5128,   210.6965,     0.9900,     0.0000,     0.0000,     0.0000,     0.0000,     0.0000,     0.0000,     0.0408,    25.0000,     0.0000,     0.0000,    38.1440,    82.0000,   426.1015,    82.5623,    87.3913,   860.1415,     0.2477,   798.3828,    56.6762,     5.0000,     0.0000,          E,          0,    0.49447,     6.0000,     3.7310,
226 bandymas        , 18000.0000,   -10.0000, 15000.0000,     0.4736,   226.3928,   224.3928,   287.3765,   999.0000,     0.0000,     0.0000,     0.0000,     0.0000,     0.0000,     0.0000,     0.0344,    25.0000,     0.0000,     0.0000,    80.4512,    82.0000,   771.0020,    95.0264,    96.8677,  1814.1609,     0.2125,   967.8336,    72.9967,     5.0000,     0.0000,          E,          0,    0.37273,     6.0000,     3.9356,
