                CASE,         ZP,        ISA,     WEIGHT,       MACH,        IAS,        CAS,        TAS, SPEED_CODE,       WIND,       TIME,       FUEL,       DIST,       RATE,       GRDT,         CD,         CG,      FLAPS,      LGEAR,         TQ,         NP,        WFE,         NL,         NH,        SHP,        SFC,        ITT,        PLA,         RC,     ENGOUT,    AIRCOND,      ICING,         SR,         CI,       COST,
                    ,       (FT),     (DG.C),       (KG),           ,       (KT),       (KT),       (KT),           ,       (KT),       (MN),       (KG),       (NM),    (FT/MN),      (DEG),           ,        (%),           ,           ,        (%),        (%),     (KG/H),        (%),        (%),       (HP),  (KG/H/HP),     (DG.C),      (DEG),           ,           ,           ,           ,    (NM/KG),    (KG/MN),    (KG/NM),
23 bandymas         , 15000.0000,     0.0000, 15000.0000,     0.2272,   113.4275,   113.2335,   142.3505,   113.2335,   -15.0000,     0.0000,     0.0000,     0.0000,     0.0000,     0.0000,     0.0768,    25.0000,     0.0000,     0.0000,    25.3124,    82.0000,   350.0446,    78.9711,    85.3743,   570.7914,     0.3066,   762.7581,    52.6189,     5.0000,     0.0000,          E,          0,    0.36381,     6.0000,     5.5755,
23 bandymas         , 15000.0000,     0.0000, 15000.0000,     0.2358,   118.0000,   117.5472,   147.7415,   117.5472,   -15.0000,     0.0000,     0.0000,     0.0000,     0.0000,     0.0000,     0.0701,    25.0000,     0.0000,     0.0000,    25.5822,    82.0000,   352.1716,    79.0123,    85.4565,   576.8749,     0.3052,   764.0109,    52.8241,     5.0000,     0.0000,          E,          0,    0.37692,     6.0000,     5.3651,
23 bandymas         , 15000.0000,     0.0000, 15000.0000,     0.2452,   123.0000,   122.2642,   153.6323,   122.2642,   -15.0000,     0.0000,     0.0000,     0.0000,     0.0000,     0.0000,     0.0640,    25.0000,     0.0000,     0.0000,    26.0506,    82.0000,   355.8913,    79.1238,    85.5919,   587.4360,     0.3029,   766.1288,    53.0711,     5.0000,     0.0000,          E,          0,    0.38954,     6.0000,     5.1640,
23 bandymas         , 15000.0000,     0.0000, 15000.0000,     0.2546,   128.0000,   126.9811,   159.5197,   126.9811,   -15.0000,     0.0000,     0.0000,     0.0000,     0.0000,     0.0000,     0.0591,    25.0000,     0.0000,     0.0000,    26.7307,    82.0000,   362.8966,    79.4346,    85.8318,   602.7735,     0.3010,   769.9216,    53.2579,     5.0000,     0.0000,          E,          0,    0.39824,     6.0000,     5.0021,
23 bandymas         , 15000.0000,     0.0000, 15000.0000,     0.2642,   133.0000,   131.7647,   165.4860,   131.7647,   -15.0000,     0.0000,     0.0000,     0.0000,     0.0000,     0.0000,     0.0550,    25.0000,     0.0000,     0.0000,    27.4975,    82.0000,   371.8856,    79.8832,    86.1379,   620.0632,     0.2999,   774.7457,    53.4397,     5.0000,     0.0000,          E,          0,    0.40466,     6.0000,     4.8635,
23 bandymas         , 15000.0000,     0.0000, 15000.0000,     0.2739,   138.0000,   136.6667,   171.5959,   136.6667,   -15.0000,     0.0000,     0.0000,     0.0000,     0.0000,     0.0000,     0.0514,    25.0000,     0.0000,     0.0000,    28.4536,    82.0000,   381.9536,    80.3850,    86.4884,   641.6245,     0.2976,   780.2883,    53.6713,     5.0000,     0.0000,          E,          0,    0.40999,     6.0000,     4.7380,
23 bandymas         , 15000.0000,     0.0000, 15000.0000,     0.2837,   143.0000,   141.5686,   177.6984,   141.5686,   -15.0000,     0.0000,     0.0000,     0.0000,     0.0000,     0.0000,     0.0487,    25.0000,     0.0000,     0.0000,    29.7655,    82.0000,   394.3716,    81.0178,    86.9353,   671.2065,     0.2938,   787.4031,    54.0002,     5.0000,     0.0000,          E,          0,    0.41255,     6.0000,     4.6366,
23 bandymas         , 15000.0000,     0.0000, 15000.0000,     0.2934,   148.0000,   146.4706,   183.7968,   146.4706,   -15.0000,     0.0000,     0.0000,     0.0000,     0.0000,     0.0000,     0.0463,    25.0000,     0.0000,     0.0000,    31.2758,    82.0000,   406.8850,    81.6363,    87.3814,   705.2635,     0.2885,   794.4833,    54.3800,     5.0000,     0.0000,          E,          0,    0.41485,     6.0000,     4.5432,
23 bandymas         , 15000.0000,     0.0000, 15000.0000,     0.3032,   153.0000,   151.3907,   189.9125,   151.3907,   -15.0000,     0.0000,     0.0000,     0.0000,     0.0000,     0.0000,     0.0444,    25.0000,     0.0000,     0.0000,    32.8362,    82.0000,   417.4604,    82.1049,    87.7444,   740.4517,     0.2819,   800.3005,    54.7673,     5.0000,     0.0000,          E,          0,    0.41899,     6.0000,     4.4449,
23 bandymas         , 15000.0000,     0.0000, 15000.0000,     0.3130,   158.0000,   156.3576,   196.0808,   156.3576,   -15.0000,     0.0000,     0.0000,     0.0000,     0.0000,     0.0000,     0.0427,    25.0000,     0.0000,     0.0000,    34.5008,    82.0000,   427.7373,    82.5404,    88.1135,   777.9882,     0.2749,   806.5083,    55.1766,     5.0000,     0.0000,          E,          0,    0.42335,     6.0000,     4.3502,
23 bandymas         , 15000.0000,     0.0000, 15000.0000,     0.3228,   163.0000,   161.3245,   202.2426,   161.3245,   -15.0000,     0.0000,     0.0000,     0.0000,     0.0000,     0.0000,     0.0414,    25.0000,     0.0000,     0.0000,    36.4335,    82.0000,   439.6651,    83.0902,    88.5646,   821.5699,     0.2676,   814.0565,    55.6534,     5.0000,     0.0000,          E,          0,    0.42588,     6.0000,     4.2707,
23 bandymas         , 15000.0000,     0.0000, 15000.0000,     0.3327,   168.0000,   166.2914,   208.3994,   166.2914,   -15.0000,     0.0000,     0.0000,     0.0000,     0.0000,     0.0000,     0.0402,    25.0000,     0.0000,     0.0000,    38.6326,    82.0000,   453.2132,    83.7600,    89.1021,   871.1580,     0.2601,   823.0205,    56.1954,     5.0000,     0.0000,          E,          0,    0.42673,     6.0000,     4.2048,
23 bandymas         , 15000.0000,     0.0000, 15000.0000,     0.3425,   173.0000,   171.2583,   214.5492,   171.2583,   -15.0000,     0.0000,     0.0000,     0.0000,     0.0000,     0.0000,     0.0393,    25.0000,     0.0000,     0.0000,    41.1101,    82.0000,   471.0183,    84.3593,    89.5931,   927.0259,     0.2540,   831.1609,    56.8046,     5.0000,     0.0000,          E,          0,    0.42365,     6.0000,     4.1645,
23 bandymas         , 15000.0000,     0.0000, 15000.0000,     0.3523,   178.0000,   176.2252,   220.6939,   176.2252,   -15.0000,     0.0000,     0.0000,     0.0000,     0.0000,     0.0000,     0.0385,    25.0000,     0.0000,     0.0000,    43.7118,    82.0000,   490.1430,    84.9322,    90.0467,   985.6937,     0.2486,   838.7540,    57.4368,     5.0000,     0.0000,          E,          0,    0.41966,     6.0000,     4.1330,
23 bandymas         , 15000.0000,     0.0000, 15000.0000,     0.3621,   183.0000,   181.1941,   226.8341,   181.1941,   -15.0000,     0.0000,     0.0000,     0.0000,     0.0000,     0.0000,     0.0378,    25.0000,     0.0000,     0.0000,    46.6012,    82.0000,   511.2401,    85.5503,    90.4955,  1050.8496,     0.2433,   846.3385,    58.2087,     5.0000,     0.0000,          E,          0,    0.41435,     6.0000,     4.1128,
23 bandymas         , 15000.0000,     0.0000, 15000.0000,     0.3719,   188.0000,   186.1691,   232.9747,   186.1691,   -15.0000,     0.0000,     0.0000,     0.0000,     0.0000,     0.0000,     0.0372,    25.0000,     0.0000,     0.0000,    49.6776,    82.0000,   534.2430,    86.3229,    91.0522,  1120.2224,     0.2385,   855.8920,    59.3488,     5.0000,     0.0000,          E,          0,    0.40801,     6.0000,     4.1025,
23 bandymas         , 15000.0000,     0.0000, 15000.0000,     0.3817,   193.0000,   191.1443,   239.1096,   191.1443,   -15.0000,     0.0000,     0.0000,     0.0000,     0.0000,     0.0000,     0.0366,    25.0000,     0.0000,     0.0000,    52.9066,    82.0000,   558.6950,    87.2044,    91.6874,  1193.0364,     0.2341,   866.9342,    60.5416,     5.0000,     0.0000,          E,          0,    0.40113,     6.0000,     4.0993,
23 bandymas         , 15000.0000,     0.0000, 15000.0000,     0.3915,   198.0000,   196.1194,   245.2380,   196.1194,   -15.0000,     0.0000,     0.0000,     0.0000,     0.0000,     0.0000,     0.0362,    25.0000,     0.0000,     0.0000,    56.2344,    82.0000,   583.7661,    88.1764,    92.3331,  1268.0776,     0.2302,   878.7252,    61.7638,     5.0000,     0.0000,          E,          0,    0.39440,     6.0000,     4.0991,
23 bandymas         , 15000.0000,     0.0000, 15000.0000,     0.4012,   203.0000,   201.0946,   251.3584,   201.0946,   -15.0000,     0.0000,     0.0000,     0.0000,     0.0000,     0.0000,     0.0358,    25.0000,     0.0000,     0.0000,    59.7514,    82.0000,   611.1596,    89.2401,    93.0264,  1347.3850,     0.2268,   891.6093,    63.0528,     5.0000,     0.0000,          E,          0,    0.38674,     6.0000,     4.1088,
23 bandymas         , 15000.0000,     0.0000, 15000.0000,     0.4110,   208.0000,   206.0697,   257.4723,   206.0697,   -15.0000,     0.0000,     0.0000,     0.0000,     0.0000,     0.0000,     0.0354,    25.0000,     0.0000,     0.0000,    63.4758,    82.0000,   639.6440,    90.3413,    93.7272,  1431.3689,     0.2234,   904.1348,    64.4156,     5.0000,     0.0000,          E,          0,    0.37907,     6.0000,     4.1227,
23 bandymas         , 15000.0000,     0.0000, 15000.0000,     0.4208,   213.0000,   211.0448,   263.5792,   211.0448,   -15.0000,     0.0000,     0.0000,     0.0000,     0.0000,     0.0000,     0.0351,    25.0000,     0.0000,     0.0000,    67.4726,    82.0000,   669.9904,    91.4848,    94.4743,  1521.4969,     0.2202,   917.3132,    65.8781,     5.0000,     0.0000,          E,          0,    0.37102,     6.0000,     4.1435,
23 bandymas         , 15000.0000,     0.0000, 15000.0000,     0.4305,   218.0000,   216.0199,   269.6789,   216.0199,   -15.0000,     0.0000,     0.0000,     0.0000,     0.0000,     0.0000,     0.0349,    25.0000,     0.0000,     0.0000,    71.7550,    82.0000,   702.9342,    92.7016,    95.2882,  1618.0627,     0.2172,   931.8678,    67.4448,     5.0000,     0.0000,          E,          0,    0.36231,     6.0000,     4.1736,
23 bandymas         , 15000.0000,     0.0000, 15000.0000,     0.4402,   223.0000,   221.0000,   275.7772,   221.0000,   -15.0000,     0.0000,     0.0000,     0.0000,     0.0000,     0.0000,     0.0346,    25.0000,     0.0000,     0.0000,    76.0059,    82.0000,   737.3286,    93.7166,    96.1056,  1713.9209,     0.2151,   947.5067,    68.9852,     5.0000,     0.0000,          E,          0,    0.35368,     6.0000,     4.2079,
23 bandymas         , 15000.0000,     0.0000, 15000.0000,     0.4500,   228.0000,   226.0000,   281.8925,   226.0000,   -15.0000,     0.0000,     0.0000,     0.0000,     0.0000,     0.0000,     0.0344,    25.0000,     0.0000,     0.0000,    80.5295,    82.0000,   776.5862,    94.7894,    96.9847,  1815.9281,     0.2138,   964.4063,    72.2163,     5.0000,     0.0000,          E,          0,    0.34367,     6.0000,     4.2586,
23 bandymas         , 15000.0000,     0.0000, 15000.0000,     0.4522,   229.1272,   227.1272,   283.2695,   227.1272,   -15.0000,     0.0000,     0.0000,     0.0000,     0.0000,     0.0000,     0.0344,    25.0000,     0.0000,     0.0000,    81.6229,    82.0000,   786.0674,    95.0150,    97.1949,  1840.5835,     0.2135,   968.5422,    72.9983,     5.0000,     0.0000,          E,          0,    0.34128,     6.0000,     4.2721,
23 bandymas         , 15000.0000,     0.0000, 15000.0000,     0.3319,   167.6051,   165.8991,   207.9131,     1.0000,   -15.0000,     0.0000,     0.0000,     0.0000,     0.0000,     0.0000,     0.0403,    25.0000,     0.0000,     0.0000,    38.4443,    82.0000,   452.0541,    83.7010,    89.0553,   866.9121,     0.2607,   822.2409,    56.1489,     5.0000,     0.0000,          E,          0,    0.42675,     6.0000,     4.2094,
23 bandymas         , 15000.0000,     0.0000, 15000.0000,     0.3458,   174.6719,   172.9191,   216.6046,     0.9900,   -15.0000,     0.0000,     0.0000,     0.0000,     0.0000,     0.0000,     0.0390,    25.0000,     0.0000,     0.0000,    41.9482,    82.0000,   477.1931,    84.5403,    89.7442,   945.9261,     0.2522,   833.6609,    57.0085,     5.0000,     0.0000,          E,          0,    0.42248,     6.0000,     4.1526,
23 bandymas         , 15000.0000,     0.0000, 15000.0000,     0.4522,   229.1272,   227.1272,   283.2696,   999.0000,   -15.0000,     0.0000,     0.0000,     0.0000,     0.0000,     0.0000,     0.0344,    25.0000,     0.0000,     0.0000,    81.6230,    82.0000,   786.0681,    95.0150,    97.1949,  1840.5852,     0.2135,   968.5427,    72.9984,     5.0000,     0.0000,          E,          0,    0.34128,     6.0000,     4.2721,
