                CASE,         ZP,        ISA,     WEIGHT,       MACH,        IAS,        CAS,        TAS, SPEED_CODE,       WIND,       TIME,       FUEL,       DIST,       RATE,       GRDT,         CD,         CG,      FLAPS,      LGEAR,         TQ,         NP,        WFE,         NL,         NH,        SHP,        SFC,        ITT,        PLA,         RC,     ENGOUT,    AIRCOND,      ICING,         SR,         CI,       COST,
                    ,       (FT),     (DG.C),       (KG),           ,       (KT),       (KT),       (KT),           ,       (KT),       (MN),       (KG),       (NM),    (FT/MN),      (DEG),           ,        (%),           ,           ,        (%),        (%),     (KG/H),        (%),        (%),       (HP),  (KG/H/HP),     (DG.C),      (DEG),           ,           ,           ,           ,    (NM/KG),    (KG/MN),    (KG/NM),
238 bandymas        , 18000.0000,    10.0000, 15000.0000,     0.2415,   113.4983,   113.3003,   152.4723,   113.3003,   -15.0000,     0.0000,     0.0000,     0.0000,     0.0000,     0.0000,     0.0774,    25.0000,     0.0000,     0.0000,    26.5736,    82.0000,   344.6883,    81.3411,    87.2760,   599.2314,     0.2876,   792.5036,    54.4834,     5.0000,     0.0000,          E,          0,    0.39883,     6.0000,     5.1260,
238 bandymas        , 18000.0000,    10.0000, 15000.0000,     0.2505,   118.0000,   117.5472,   158.1445,   117.5472,   -15.0000,     0.0000,     0.0000,     0.0000,     0.0000,     0.0000,     0.0708,    25.0000,     0.0000,     0.0000,    26.9854,    82.0000,   348.1725,    81.4356,    87.4042,   608.5164,     0.2861,   794.5284,    54.6329,     5.0000,     0.0000,          E,          0,    0.41113,     6.0000,     4.9473,
238 bandymas        , 18000.0000,    10.0000, 15000.0000,     0.2605,   123.0000,   122.2642,   164.4385,   122.2642,   -15.0000,     0.0000,     0.0000,     0.0000,     0.0000,     0.0000,     0.0647,    25.0000,     0.0000,     0.0000,    27.4799,    82.0000,   354.6367,    81.7990,    87.6648,   619.6672,     0.2862,   798.6364,    54.8124,     5.0000,     0.0000,          E,          0,    0.42138,     6.0000,     4.7821,
238 bandymas        , 18000.0000,    10.0000, 15000.0000,     0.2704,   128.0000,   126.9811,   170.7272,   126.9811,   -15.0000,     0.0000,     0.0000,     0.0000,     0.0000,     0.0000,     0.0598,    25.0000,     0.0000,     0.0000,    28.2395,    82.0000,   362.3398,    82.2154,    87.9663,   636.7953,     0.2845,   803.4016,    55.0550,     5.0000,     0.0000,          E,          0,    0.42978,     6.0000,     4.6385,
238 bandymas        , 18000.0000,    10.0000, 15000.0000,     0.2805,   133.0000,   131.7647,   177.0992,   131.7647,   -15.0000,     0.0000,     0.0000,     0.0000,     0.0000,     0.0000,     0.0556,    25.0000,     0.0000,     0.0000,    29.1966,    82.0000,   370.7321,    82.6611,    88.2941,   658.3781,     0.2815,   808.5883,    55.3225,     5.0000,     0.0000,          E,          0,    0.43724,     6.0000,     4.5079,
238 bandymas        , 18000.0000,    10.0000, 15000.0000,     0.2908,   138.0000,   136.6667,   183.6228,   136.6667,   -15.0000,     0.0000,     0.0000,     0.0000,     0.0000,     0.0000,     0.0520,    25.0000,     0.0000,     0.0000,    30.3538,    82.0000,   379.7415,    83.1368,    88.6504,   684.4739,     0.2774,   814.2600,    55.6501,     5.0000,     0.0000,          E,          0,    0.44405,     6.0000,     4.3870,
238 bandymas        , 18000.0000,    10.0000, 15000.0000,     0.3012,   143.0000,   141.5686,   190.1375,   141.5686,   -15.0000,     0.0000,     0.0000,     0.0000,     0.0000,     0.0000,     0.0493,    25.0000,     0.0000,     0.0000,    31.6842,    82.0000,   389.0025,    83.6237,    89.0258,   714.4743,     0.2722,   820.3024,    56.0289,     5.0000,     0.0000,          E,          0,    0.45022,     6.0000,     4.2767,
238 bandymas        , 18000.0000,    10.0000, 15000.0000,     0.3115,   148.0000,   146.4706,   196.6453,   146.4706,   -15.0000,     0.0000,     0.0000,     0.0000,     0.0000,     0.0000,     0.0470,    25.0000,     0.0000,     0.0000,    33.1551,    82.0000,   398.2577,    84.0878,    89.4198,   747.6431,     0.2663,   826.9918,    56.4467,     5.0000,     0.0000,          E,          0,    0.45610,     6.0000,     4.1744,
238 bandymas        , 18000.0000,    10.0000, 15000.0000,     0.3218,   153.0000,   151.3907,   203.1704,   151.3907,   -15.0000,     0.0000,     0.0000,     0.0000,     0.0000,     0.0000,     0.0450,    25.0000,     0.0000,     0.0000,    34.9356,    82.0000,   409.8880,    84.6712,    89.8997,   787.7929,     0.2601,   835.0938,    56.9578,     5.0000,     0.0000,          E,          0,    0.45908,     6.0000,     4.0914,
238 bandymas        , 18000.0000,    10.0000, 15000.0000,     0.3322,   158.0000,   156.3576,   209.7502,   156.3576,   -15.0000,     0.0000,     0.0000,     0.0000,     0.0000,     0.0000,     0.0433,    25.0000,     0.0000,     0.0000,    36.9390,    82.0000,   424.7850,    85.2126,    90.3537,   832.9692,     0.2550,   842.7255,    57.5310,     5.0000,     0.0000,          E,          0,    0.45847,     6.0000,     4.0297,
238 bandymas        , 18000.0000,    10.0000, 15000.0000,     0.3426,   163.0000,   161.3245,   216.3209,   161.3245,   -15.0000,     0.0000,     0.0000,     0.0000,     0.0000,     0.0000,     0.0419,    25.0000,     0.0000,     0.0000,    39.1664,    82.0000,   441.3696,    85.7882,    90.8163,   883.1958,     0.2499,   850.6478,    58.2509,     5.0000,     0.0000,          E,          0,    0.45613,     6.0000,     3.9806,
238 bandymas        , 18000.0000,    10.0000, 15000.0000,     0.3530,   168.0000,   166.2914,   222.8850,   166.2914,   -15.0000,     0.0000,     0.0000,     0.0000,     0.0000,     0.0000,     0.0408,    25.0000,     0.0000,     0.0000,    41.6165,    82.0000,   459.5727,    86.3840,    91.2779,   938.4445,     0.2449,   858.5788,    59.3043,     5.0000,     0.0000,          E,          0,    0.45234,     6.0000,     3.9424,
238 bandymas        , 18000.0000,    10.0000, 15000.0000,     0.3634,   173.0000,   171.2583,   229.4389,   171.2583,   -15.0000,     0.0000,     0.0000,     0.0000,     0.0000,     0.0000,     0.0398,    25.0000,     0.0000,     0.0000,    44.2205,    82.0000,   479.2839,    87.1523,    91.8324,   997.1660,     0.2403,   868.1795,    60.4172,     5.0000,     0.0000,          E,          0,    0.44742,     6.0000,     3.9139,
238 bandymas        , 18000.0000,    10.0000, 15000.0000,     0.3738,   178.0000,   176.2252,   235.9859,   176.2252,   -15.0000,     0.0000,     0.0000,     0.0000,     0.0000,     0.0000,     0.0389,    25.0000,     0.0000,     0.0000,    47.0319,    82.0000,   500.8099,    88.0320,    92.4629,  1060.5619,     0.2361,   879.2639,    61.6136,     5.0000,     0.0000,          E,          0,    0.44126,     6.0000,     3.8953,
238 bandymas        , 18000.0000,    10.0000, 15000.0000,     0.3841,   183.0000,   181.1941,   242.5262,   181.1941,   -15.0000,     0.0000,     0.0000,     0.0000,     0.0000,     0.0000,     0.0382,    25.0000,     0.0000,     0.0000,    50.0274,    82.0000,   523.7055,    89.0382,    93.1264,  1128.1101,     0.2321,   891.4784,    62.8808,     5.0000,     0.0000,          E,          0,    0.43445,     6.0000,     3.8840,
238 bandymas        , 18000.0000,    10.0000, 15000.0000,     0.3945,   188.0000,   186.1691,   249.0650,   186.1691,   -15.0000,     0.0000,     0.0000,     0.0000,     0.0000,     0.0000,     0.0375,    25.0000,     0.0000,     0.0000,    53.1555,    82.0000,   548.5324,    90.1192,    93.8362,  1198.6489,     0.2288,   904.8307,    64.1966,     5.0000,     0.0000,          E,          0,    0.42671,     6.0000,     3.8815,
238 bandymas        , 18000.0000,    10.0000, 15000.0000,     0.4048,   193.0000,   191.1443,   255.5954,   191.1443,   -15.0000,     0.0000,     0.0000,     0.0000,     0.0000,     0.0000,     0.0369,    25.0000,     0.0000,     0.0000,    56.4426,    82.0000,   574.3461,    91.2122,    94.5567,  1272.7719,     0.2256,   918.1753,    65.5751,     5.0000,     0.0000,          E,          0,    0.41890,     6.0000,     3.8835,
238 bandymas        , 18000.0000,    10.0000, 15000.0000,     0.4152,   198.0000,   196.1194,   262.1172,   196.1194,   -15.0000,     0.0000,     0.0000,     0.0000,     0.0000,     0.0000,     0.0364,    25.0000,     0.0000,     0.0000,    59.9650,    82.0000,   601.5245,    92.3533,    95.3043,  1352.2008,     0.2224,   931.5029,    67.0483,     5.0000,     0.0000,          E,          0,    0.41082,     6.0000,     3.8910,
238 bandymas        , 18000.0000,    10.0000, 15000.0000,     0.4255,   203.0000,   201.0946,   268.6284,   201.0946,   -15.0000,     0.0000,     0.0000,     0.0000,     0.0000,     0.0000,     0.0360,    25.0000,     0.0000,     0.0000,    63.8240,    82.0000,   631.7054,    93.5683,    96.1386,  1439.2220,     0.2195,   946.7295,    68.6628,     5.0000,     0.0000,          E,          0,    0.40150,     6.0000,     3.9101,
238 bandymas        , 18000.0000,    10.0000, 15000.0000,     0.4358,   208.0000,   206.0697,   275.1306,   206.0697,   -15.0000,     0.0000,     0.0000,     0.0000,     0.0000,     0.0000,     0.0357,    25.0000,     0.0000,     0.0000,    67.7294,    82.0000,   663.8937,    94.6227,    96.9956,  1527.2861,     0.2173,   963.3555,    71.6235,     5.0000,     0.0000,          E,          0,    0.39183,     6.0000,     3.9361,
238 bandymas        , 18000.0000,    10.0000, 15000.0000,     0.4400,   210.0220,   208.0815,   277.7574,   208.0815,   -15.0000,     0.0000,     0.0000,     0.0000,     0.0000,     0.0000,     0.0355,    25.0000,     0.0000,     0.0000,    69.3625,    82.0000,   678.3152,    95.0727,    97.3599,  1564.1145,     0.2168,   970.4178,    72.9970,     5.0000,     0.0000,          E,          0,    0.38737,     6.0000,     3.9516,
238 bandymas        , 18000.0000,    10.0000, 15000.0000,     0.3227,   153.4482,   151.8360,   203.7613,     1.0000,   -15.0000,     0.0000,     0.0000,     0.0000,     0.0000,     0.0000,     0.0449,    25.0000,     0.0000,     0.0000,    35.1081,    82.0000,   411.1699,    84.7198,    89.9404,   791.6823,     0.2597,   835.7779,    57.0073,     5.0000,     0.0000,          E,          0,    0.45908,     6.0000,     4.0854,
238 bandymas        , 18000.0000,    10.0000, 15000.0000,     0.3474,   165.2984,   163.6077,   219.3400,     0.9900,   -15.0000,     0.0000,     0.0000,     0.0000,     0.0000,     0.0000,     0.0414,    25.0000,     0.0000,     0.0000,    40.2710,    82.0000,   449.6006,    86.0592,    91.0314,   908.1050,     0.2475,   854.3474,    58.7265,     5.0000,     0.0000,          E,          0,    0.45449,     6.0000,     3.9620,
238 bandymas        , 18000.0000,    10.0000, 15000.0000,     0.4400,   210.0220,   208.0815,   277.7574,   999.0000,   -15.0000,     0.0000,     0.0000,     0.0000,     0.0000,     0.0000,     0.0355,    25.0000,     0.0000,     0.0000,    69.3626,    82.0000,   678.3156,    95.0727,    97.3599,  1564.1152,     0.2168,   970.4180,    72.9970,     5.0000,     0.0000,          E,          0,    0.38737,     6.0000,     3.9516,
