                CASE,         ZP,        ISA,     WEIGHT,       MACH,        IAS,        CAS,        TAS, SPEED_CODE,       WIND,       TIME,       FUEL,       DIST,       RATE,       GRDT,         CD,         CG,      FLAPS,      LGEAR,         TQ,         NP,        WFE,         NL,         NH,        SHP,        SFC,        ITT,        PLA,         RC,     ENGOUT,    AIRCOND,      ICING,         SR,         CI,       COST,
                    ,       (FT),     (DG.C),       (KG),           ,       (KT),       (KT),       (KT),           ,       (KT),       (MN),       (KG),       (NM),    (FT/MN),      (DEG),           ,        (%),           ,           ,        (%),        (%),     (KG/H),        (%),        (%),       (HP),  (KG/H/HP),     (DG.C),      (DEG),           ,           ,           ,           ,    (NM/KG),    (KG/MN),    (KG/NM),
240 bandymas        , 18000.0000,    10.0000, 15000.0000,     0.2415,   113.4983,   113.3003,   152.4723,   113.3003,    30.0000,     0.0000,     0.0000,     0.0000,     0.0000,     0.0000,     0.0774,    25.0000,     0.0000,     0.0000,    26.5736,    82.0000,   344.6883,    81.3411,    87.2760,   599.2314,     0.2876,   792.5036,    54.4834,     5.0000,     0.0000,          E,          0,    0.52938,     6.0000,     3.8619,
240 bandymas        , 18000.0000,    10.0000, 15000.0000,     0.2505,   118.0000,   117.5472,   158.1445,   117.5472,    30.0000,     0.0000,     0.0000,     0.0000,     0.0000,     0.0000,     0.0708,    25.0000,     0.0000,     0.0000,    26.9854,    82.0000,   348.1725,    81.4356,    87.4042,   608.5164,     0.2861,   794.5284,    54.6329,     5.0000,     0.0000,          E,          0,    0.54038,     6.0000,     3.7640,
240 bandymas        , 18000.0000,    10.0000, 15000.0000,     0.2605,   123.0000,   122.2642,   164.4385,   122.2642,    30.0000,     0.0000,     0.0000,     0.0000,     0.0000,     0.0000,     0.0647,    25.0000,     0.0000,     0.0000,    27.4799,    82.0000,   354.6367,    81.7990,    87.6648,   619.6672,     0.2862,   798.6364,    54.8124,     5.0000,     0.0000,          E,          0,    0.54828,     6.0000,     3.6754,
240 bandymas        , 18000.0000,    10.0000, 15000.0000,     0.2704,   128.0000,   126.9811,   170.7272,   126.9811,    30.0000,     0.0000,     0.0000,     0.0000,     0.0000,     0.0000,     0.0598,    25.0000,     0.0000,     0.0000,    28.2395,    82.0000,   362.3398,    82.2154,    87.9663,   636.7953,     0.2845,   803.4016,    55.0550,     5.0000,     0.0000,          E,          0,    0.55397,     6.0000,     3.5986,
240 bandymas        , 18000.0000,    10.0000, 15000.0000,     0.2805,   133.0000,   131.7647,   177.0992,   131.7647,    30.0000,     0.0000,     0.0000,     0.0000,     0.0000,     0.0000,     0.0556,    25.0000,     0.0000,     0.0000,    29.1966,    82.0000,   370.7321,    82.6611,    88.2941,   658.3781,     0.2815,   808.5883,    55.3225,     5.0000,     0.0000,          E,          0,    0.55862,     6.0000,     3.5284,
240 bandymas        , 18000.0000,    10.0000, 15000.0000,     0.2908,   138.0000,   136.6667,   183.6228,   136.6667,    30.0000,     0.0000,     0.0000,     0.0000,     0.0000,     0.0000,     0.0520,    25.0000,     0.0000,     0.0000,    30.3538,    82.0000,   379.7415,    83.1368,    88.6504,   684.4739,     0.2774,   814.2600,    55.6501,     5.0000,     0.0000,          E,          0,    0.56255,     6.0000,     3.4628,
240 bandymas        , 18000.0000,    10.0000, 15000.0000,     0.3012,   143.0000,   141.5686,   190.1375,   141.5686,    30.0000,     0.0000,     0.0000,     0.0000,     0.0000,     0.0000,     0.0493,    25.0000,     0.0000,     0.0000,    31.6842,    82.0000,   389.0025,    83.6237,    89.0258,   714.4743,     0.2722,   820.3024,    56.0289,     5.0000,     0.0000,          E,          0,    0.56590,     6.0000,     3.4024,
240 bandymas        , 18000.0000,    10.0000, 15000.0000,     0.3115,   148.0000,   146.4706,   196.6453,   146.4706,    30.0000,     0.0000,     0.0000,     0.0000,     0.0000,     0.0000,     0.0470,    25.0000,     0.0000,     0.0000,    33.1551,    82.0000,   398.2577,    84.0878,    89.4198,   747.6431,     0.2663,   826.9918,    56.4467,     5.0000,     0.0000,          E,          0,    0.56909,     6.0000,     3.3456,
240 bandymas        , 18000.0000,    10.0000, 15000.0000,     0.3218,   153.0000,   151.3907,   203.1704,   151.3907,    30.0000,     0.0000,     0.0000,     0.0000,     0.0000,     0.0000,     0.0450,    25.0000,     0.0000,     0.0000,    34.9356,    82.0000,   409.8880,    84.6712,    89.8997,   787.7929,     0.2601,   835.0938,    56.9578,     5.0000,     0.0000,          E,          0,    0.56886,     6.0000,     3.3018,
240 bandymas        , 18000.0000,    10.0000, 15000.0000,     0.3322,   158.0000,   156.3576,   209.7502,   156.3576,    30.0000,     0.0000,     0.0000,     0.0000,     0.0000,     0.0000,     0.0433,    25.0000,     0.0000,     0.0000,    36.9390,    82.0000,   424.7850,    85.2126,    90.3537,   832.9692,     0.2550,   842.7255,    57.5310,     5.0000,     0.0000,          E,          0,    0.56440,     6.0000,     3.2733,
240 bandymas        , 18000.0000,    10.0000, 15000.0000,     0.3426,   163.0000,   161.3245,   216.3209,   161.3245,    30.0000,     0.0000,     0.0000,     0.0000,     0.0000,     0.0000,     0.0419,    25.0000,     0.0000,     0.0000,    39.1664,    82.0000,   441.3696,    85.7882,    90.8163,   883.1958,     0.2499,   850.6478,    58.2509,     5.0000,     0.0000,          E,          0,    0.55808,     6.0000,     3.2534,
240 bandymas        , 18000.0000,    10.0000, 15000.0000,     0.3530,   168.0000,   166.2914,   222.8850,   166.2914,    30.0000,     0.0000,     0.0000,     0.0000,     0.0000,     0.0000,     0.0408,    25.0000,     0.0000,     0.0000,    41.6165,    82.0000,   459.5727,    86.3840,    91.2779,   938.4445,     0.2449,   858.5788,    59.3043,     5.0000,     0.0000,          E,          0,    0.55026,     6.0000,     3.2409,
240 bandymas        , 18000.0000,    10.0000, 15000.0000,     0.3634,   173.0000,   171.2583,   229.4389,   171.2583,    30.0000,     0.0000,     0.0000,     0.0000,     0.0000,     0.0000,     0.0398,    25.0000,     0.0000,     0.0000,    44.2205,    82.0000,   479.2839,    87.1523,    91.8324,   997.1660,     0.2403,   868.1795,    60.4172,     5.0000,     0.0000,          E,          0,    0.54131,     6.0000,     3.2350,
240 bandymas        , 18000.0000,    10.0000, 15000.0000,     0.3738,   178.0000,   176.2252,   235.9859,   176.2252,    30.0000,     0.0000,     0.0000,     0.0000,     0.0000,     0.0000,     0.0389,    25.0000,     0.0000,     0.0000,    47.0319,    82.0000,   500.8099,    88.0320,    92.4629,  1060.5619,     0.2361,   879.2639,    61.6136,     5.0000,     0.0000,          E,          0,    0.53111,     6.0000,     3.2363,
240 bandymas        , 18000.0000,    10.0000, 15000.0000,     0.3841,   183.0000,   181.1941,   242.5262,   181.1941,    30.0000,     0.0000,     0.0000,     0.0000,     0.0000,     0.0000,     0.0382,    25.0000,     0.0000,     0.0000,    50.0274,    82.0000,   523.7055,    89.0382,    93.1264,  1128.1101,     0.2321,   891.4784,    62.8808,     5.0000,     0.0000,          E,          0,    0.52038,     6.0000,     3.2426,
240 bandymas        , 18000.0000,    10.0000, 15000.0000,     0.3945,   188.0000,   186.1691,   249.0650,   186.1691,    30.0000,     0.0000,     0.0000,     0.0000,     0.0000,     0.0000,     0.0375,    25.0000,     0.0000,     0.0000,    53.1555,    82.0000,   548.5324,    90.1192,    93.8362,  1198.6489,     0.2288,   904.8307,    64.1966,     5.0000,     0.0000,          E,          0,    0.50875,     6.0000,     3.2556,
240 bandymas        , 18000.0000,    10.0000, 15000.0000,     0.4048,   193.0000,   191.1443,   255.5954,   191.1443,    30.0000,     0.0000,     0.0000,     0.0000,     0.0000,     0.0000,     0.0369,    25.0000,     0.0000,     0.0000,    56.4426,    82.0000,   574.3461,    91.2122,    94.5567,  1272.7719,     0.2256,   918.1753,    65.5751,     5.0000,     0.0000,          E,          0,    0.49725,     6.0000,     3.2716,
240 bandymas        , 18000.0000,    10.0000, 15000.0000,     0.4152,   198.0000,   196.1194,   262.1172,   196.1194,    30.0000,     0.0000,     0.0000,     0.0000,     0.0000,     0.0000,     0.0364,    25.0000,     0.0000,     0.0000,    59.9650,    82.0000,   601.5245,    92.3533,    95.3043,  1352.2008,     0.2224,   931.5029,    67.0483,     5.0000,     0.0000,          E,          0,    0.48563,     6.0000,     3.2916,
240 bandymas        , 18000.0000,    10.0000, 15000.0000,     0.4255,   203.0000,   201.0946,   268.6284,   201.0946,    30.0000,     0.0000,     0.0000,     0.0000,     0.0000,     0.0000,     0.0360,    25.0000,     0.0000,     0.0000,    63.8240,    82.0000,   631.7054,    93.5683,    96.1386,  1439.2220,     0.2195,   946.7295,    68.6628,     5.0000,     0.0000,          E,          0,    0.47273,     6.0000,     3.3209,
240 bandymas        , 18000.0000,    10.0000, 15000.0000,     0.4358,   208.0000,   206.0697,   275.1306,   206.0697,    30.0000,     0.0000,     0.0000,     0.0000,     0.0000,     0.0000,     0.0357,    25.0000,     0.0000,     0.0000,    67.7294,    82.0000,   663.8937,    94.6227,    96.9956,  1527.2861,     0.2173,   963.3555,    71.6235,     5.0000,     0.0000,          E,          0,    0.45961,     6.0000,     3.3556,
240 bandymas        , 18000.0000,    10.0000, 15000.0000,     0.4400,   210.0220,   208.0815,   277.7574,   208.0815,    30.0000,     0.0000,     0.0000,     0.0000,     0.0000,     0.0000,     0.0355,    25.0000,     0.0000,     0.0000,    69.3625,    82.0000,   678.3152,    95.0727,    97.3599,  1564.1145,     0.2168,   970.4178,    72.9970,     5.0000,     0.0000,          E,          0,    0.45371,     6.0000,     3.3738,
240 bandymas        , 18000.0000,    10.0000, 15000.0000,     0.3181,   151.1923,   149.6003,   200.7972,     1.0000,    30.0000,     0.0000,     0.0000,     0.0000,     0.0000,     0.0000,     0.0457,    25.0000,     0.0000,     0.0000,    34.2606,    82.0000,   405.2262,    84.4597,    89.7253,   772.5721,     0.2623,   832.1532,    56.7640,     5.0000,     0.0000,          E,          0,    0.56955,     6.0000,     3.3156,
240 bandymas        , 18000.0000,    10.0000, 15000.0000,     0.3333,   158.5170,   156.8711,   210.4296,     0.9900,    30.0000,     0.0000,     0.0000,     0.0000,     0.0000,     0.0000,     0.0432,    25.0000,     0.0000,     0.0000,    37.1564,    82.0000,   426.4024,    85.2685,    90.4007,   837.8713,     0.2545,   843.5150,    57.5930,     5.0000,     0.0000,          E,          0,    0.56386,     6.0000,     3.2708,
240 bandymas        , 18000.0000,    10.0000, 15000.0000,     0.4400,   210.0220,   208.0815,   277.7574,   999.0000,    30.0000,     0.0000,     0.0000,     0.0000,     0.0000,     0.0000,     0.0355,    25.0000,     0.0000,     0.0000,    69.3626,    82.0000,   678.3156,    95.0727,    97.3599,  1564.1152,     0.2168,   970.4180,    72.9970,     5.0000,     0.0000,          E,          0,    0.45371,     6.0000,     3.3738,
