                CASE,         ZP,        ISA,     WEIGHT,       MACH,        IAS,        CAS,        TAS, SPEED_CODE,       WIND,       TIME,       FUEL,       DIST,       RATE,       GRDT,         CD,         CG,      FLAPS,      LGEAR,         TQ,         NP,        WFE,         NL,         NH,        SHP,        SFC,        ITT,        PLA,         RC,     ENGOUT,    AIRCOND,      ICING,         SR,         CI,       COST,
                    ,       (FT),     (DG.C),       (KG),           ,       (KT),       (KT),       (KT),           ,       (KT),       (MN),       (KG),       (NM),    (FT/MN),      (DEG),           ,        (%),           ,           ,        (%),        (%),     (KG/H),        (%),        (%),       (HP),  (KG/H/HP),     (DG.C),      (DEG),           ,           ,           ,           ,    (NM/KG),    (KG/MN),    (KG/NM),
252 bandymas        , 18000.0000,    10.0000, 16500.0000,     0.2533,   119.3950,   118.8632,   159.9014,   118.8632,   -30.0000,     0.0000,     0.0000,     0.0000,     0.0000,     0.0000,     0.0771,    25.0000,     0.0000,     0.0000,    30.2246,    82.0000,   372.5002,    82.6770,    88.2283,   681.5599,     0.2733,   807.9782,    55.7328,     5.0000,     0.0000,          E,          0,    0.34873,     6.0000,     5.6389,
252 bandymas        , 18000.0000,    10.0000, 16500.0000,     0.2625,   124.0000,   123.2076,   165.6971,   123.2076,   -30.0000,     0.0000,     0.0000,     0.0000,     0.0000,     0.0000,     0.0706,    25.0000,     0.0000,     0.0000,    30.5621,    82.0000,   376.9537,    82.9386,    88.4282,   689.1701,     0.2735,   811.1095,    55.8596,     5.0000,     0.0000,          E,          0,    0.35998,     6.0000,     5.4309,
252 bandymas        , 18000.0000,    10.0000, 16500.0000,     0.2724,   129.0000,   127.9245,   171.9847,   127.9245,   -30.0000,     0.0000,     0.0000,     0.0000,     0.0000,     0.0000,     0.0648,    25.0000,     0.0000,     0.0000,    31.1223,    82.0000,   382.6293,    83.2574,    88.6730,   701.8022,     0.2726,   814.9660,    56.0187,     5.0000,     0.0000,          E,          0,    0.37108,     6.0000,     5.2303,
252 bandymas        , 18000.0000,    10.0000, 16500.0000,     0.2826,   134.0000,   132.7451,   178.4057,   132.7451,   -30.0000,     0.0000,     0.0000,     0.0000,     0.0000,     0.0000,     0.0599,    25.0000,     0.0000,     0.0000,    31.9853,    82.0000,   389.7897,    83.6411,    88.9728,   721.2634,     0.2702,   819.7208,    56.2478,     5.0000,     0.0000,          E,          0,    0.38073,     6.0000,     5.0523,
252 bandymas        , 18000.0000,    10.0000, 16500.0000,     0.2929,   139.0000,   137.6470,   184.9256,   137.6470,   -30.0000,     0.0000,     0.0000,     0.0000,     0.0000,     0.0000,     0.0558,    25.0000,     0.0000,     0.0000,    33.0599,    82.0000,   397.6613,    84.0713,    89.3053,   745.4962,     0.2667,   825.0246,    56.5414,     5.0000,     0.0000,          E,          0,    0.38959,     6.0000,     4.8905,
252 bandymas        , 18000.0000,    10.0000, 16500.0000,     0.3032,   144.0000,   142.5490,   191.4394,   142.5490,   -30.0000,     0.0000,     0.0000,     0.0000,     0.0000,     0.0000,     0.0523,    25.0000,     0.0000,     0.0000,    34.1441,    82.0000,   404.7880,    84.4624,    89.6226,   769.9440,     0.2629,   830.2012,    56.8319,     5.0000,     0.0000,          E,          0,    0.39882,     6.0000,     4.7373,
252 bandymas        , 18000.0000,    10.0000, 16500.0000,     0.3135,   149.0000,   147.4510,   197.9464,   147.4510,   -30.0000,     0.0000,     0.0000,     0.0000,     0.0000,     0.0000,     0.0495,    25.0000,     0.0000,     0.0000,    35.6076,    82.0000,   415.3635,    84.8971,    89.9980,   802.9465,     0.2586,   836.5663,    57.2410,     5.0000,     0.0000,          E,          0,    0.40434,     6.0000,     4.6167,
252 bandymas        , 18000.0000,    10.0000, 16500.0000,     0.3239,   154.0000,   152.3841,   204.4869,   152.3841,   -30.0000,     0.0000,     0.0000,     0.0000,     0.0000,     0.0000,     0.0472,    25.0000,     0.0000,     0.0000,    37.3068,    82.0000,   427.9310,    85.3605,    90.3952,   841.2619,     0.2543,   843.2774,    57.7187,     5.0000,     0.0000,          E,          0,    0.40775,     6.0000,     4.5157,
252 bandymas        , 18000.0000,    10.0000, 16500.0000,     0.3343,   159.0000,   157.3510,   211.0650,   157.3510,   -30.0000,     0.0000,     0.0000,     0.0000,     0.0000,     0.0000,     0.0452,    25.0000,     0.0000,     0.0000,    39.3129,    82.0000,   442.8249,    85.8912,    90.8247,   886.5003,     0.2498,   850.6714,    58.4322,     5.0000,     0.0000,          E,          0,    0.40889,     6.0000,     4.4339,
252 bandymas        , 18000.0000,    10.0000, 16500.0000,     0.3447,   164.0000,   162.3179,   217.6343,   162.3179,   -30.0000,     0.0000,     0.0000,     0.0000,     0.0000,     0.0000,     0.0436,    25.0000,     0.0000,     0.0000,    41.4534,    82.0000,   458.7234,    86.4114,    91.2460,   934.7681,     0.2454,   857.9340,    59.3414,     5.0000,     0.0000,          E,          0,    0.40904,     6.0000,     4.3634,
252 bandymas        , 18000.0000,    10.0000, 16500.0000,     0.3551,   169.0000,   167.2848,   224.1959,   167.2848,   -30.0000,     0.0000,     0.0000,     0.0000,     0.0000,     0.0000,     0.0421,    25.0000,     0.0000,     0.0000,    43.7597,    82.0000,   476.1743,    87.0721,    91.7446,   986.7753,     0.2413,   866.5496,    60.3175,     5.0000,     0.0000,          E,          0,    0.40783,     6.0000,     4.3058,
252 bandymas        , 18000.0000,    10.0000, 16500.0000,     0.3655,   174.0000,   172.2516,   230.7496,   172.2516,   -30.0000,     0.0000,     0.0000,     0.0000,     0.0000,     0.0000,     0.0410,    25.0000,     0.0000,     0.0000,    46.3093,    82.0000,   495.6160,    87.8620,    92.3163,  1044.2681,     0.2373,   876.5259,    61.3967,     5.0000,     0.0000,          E,          0,    0.40505,     6.0000,     4.2621,
252 bandymas        , 18000.0000,    10.0000, 16500.0000,     0.3759,   179.0000,   177.2185,   237.2936,   177.2185,   -30.0000,     0.0000,     0.0000,     0.0000,     0.0000,     0.0000,     0.0399,    25.0000,     0.0000,     0.0000,    49.0761,    82.0000,   516.7274,    88.7796,    92.9308,  1106.6578,     0.2335,   887.6981,    62.5645,     5.0000,     0.0000,          E,          0,    0.40117,     6.0000,     4.2294,
252 bandymas        , 18000.0000,    10.0000, 16500.0000,     0.3862,   184.0000,   182.1891,   243.8343,   182.1891,   -30.0000,     0.0000,     0.0000,     0.0000,     0.0000,     0.0000,     0.0391,    25.0000,     0.0000,     0.0000,    51.9897,    82.0000,   539.5827,    89.7792,    93.5888,  1172.3602,     0.2301,   899.9594,    63.7850,     5.0000,     0.0000,          E,          0,    0.39630,     6.0000,     4.2069,
252 bandymas        , 18000.0000,    10.0000, 16500.0000,     0.3966,   189.0000,   187.1642,   250.3721,   187.1642,   -30.0000,     0.0000,     0.0000,     0.0000,     0.0000,     0.0000,     0.0384,    25.0000,     0.0000,     0.0000,    55.1333,    82.0000,   564.5118,    90.8477,    94.2970,  1243.2482,     0.2270,   913.3839,    65.1033,     5.0000,     0.0000,          E,          0,    0.39038,     6.0000,     4.1952,
252 bandymas        , 18000.0000,    10.0000, 16500.0000,     0.4069,   194.0000,   192.1393,   256.9013,   192.1393,   -30.0000,     0.0000,     0.0000,     0.0000,     0.0000,     0.0000,     0.0377,    25.0000,     0.0000,     0.0000,    58.4613,    82.0000,   590.4569,    91.9200,    95.0160,  1318.2919,     0.2239,   926.4724,    66.4953,     5.0000,     0.0000,          E,          0,    0.38428,     6.0000,     4.1889,
252 bandymas        , 18000.0000,    10.0000, 16500.0000,     0.4172,   199.0000,   197.1145,   263.4201,   197.1145,   -30.0000,     0.0000,     0.0000,     0.0000,     0.0000,     0.0000,     0.0371,    25.0000,     0.0000,     0.0000,    62.0006,    82.0000,   617.8148,    93.0707,    95.7699,  1398.1038,     0.2209,   939.9265,    67.9705,     5.0000,     0.0000,          E,          0,    0.37782,     6.0000,     4.1891,
252 bandymas        , 18000.0000,    10.0000, 16500.0000,     0.4276,   204.0000,   202.0896,   269.9294,   202.0896,   -30.0000,     0.0000,     0.0000,     0.0000,     0.0000,     0.0000,     0.0366,    25.0000,     0.0000,     0.0000,    65.7997,    82.0000,   647.6360,    94.1270,    96.5921,  1483.7717,     0.2182,   955.6337,    70.1323,     5.0000,     0.0000,          E,          0,    0.37047,     6.0000,     4.1997,
252 bandymas        , 18000.0000,    10.0000, 16500.0000,     0.4367,   208.4186,   206.4862,   275.6745,   206.4862,   -30.0000,     0.0000,     0.0000,     0.0000,     0.0000,     0.0000,     0.0362,    25.0000,     0.0000,     0.0000,    69.1989,    82.0000,   677.3815,    95.0627,    97.3513,  1560.4246,     0.2171,   970.3534,    72.9967,     5.0000,     0.0000,          E,          0,    0.36268,     6.0000,     4.2226,
252 bandymas        , 18000.0000,    10.0000, 16500.0000,     0.3425,   162.9346,   161.2595,   216.2355,     1.0000,   -30.0000,     0.0000,     0.0000,     0.0000,     0.0000,     0.0000,     0.0439,    25.0000,     0.0000,     0.0000,    40.9843,    82.0000,   455.2383,    86.3013,    91.1568,   924.1898,     0.2463,   856.3962,    59.1424,     5.0000,     0.0000,          E,          0,    0.40909,     6.0000,     4.3775,
252 bandymas        , 18000.0000,    10.0000, 16500.0000,     0.3656,   174.0666,   172.3178,   230.8360,     0.9900,   -30.0000,     0.0000,     0.0000,     0.0000,     0.0000,     0.0000,     0.0410,    25.0000,     0.0000,     0.0000,    46.3447,    82.0000,   495.8868,    87.8729,    92.3242,  1045.0665,     0.2373,   876.6650,    61.4117,     5.0000,     0.0000,          E,          0,    0.40500,     6.0000,     4.2616,
252 bandymas        , 18000.0000,    10.0000, 16500.0000,     0.4367,   208.4186,   206.4862,   275.6747,   999.0000,   -30.0000,     0.0000,     0.0000,     0.0000,     0.0000,     0.0000,     0.0362,    25.0000,     0.0000,     0.0000,    69.1990,    82.0000,   677.3824,    95.0627,    97.3513,  1560.4268,     0.2171,   970.3538,    72.9968,     5.0000,     0.0000,          E,          0,    0.36268,     6.0000,     4.2226,
