                CASE,         ZP,        ISA,     WEIGHT,       MACH,        IAS,        CAS,        TAS, SPEED_CODE,       WIND,       TIME,       FUEL,       DIST,       RATE,       GRDT,         CD,         CG,      FLAPS,      LGEAR,         TQ,         NP,        WFE,         NL,         NH,        SHP,        SFC,        ITT,        PLA,         RC,     ENGOUT,    AIRCOND,      ICING,         SR,         CI,       COST,
                    ,       (FT),     (DG.C),       (KG),           ,       (KT),       (KT),       (KT),           ,       (KT),       (MN),       (KG),       (NM),    (FT/MN),      (DEG),           ,        (%),           ,           ,        (%),        (%),     (KG/H),        (%),        (%),       (HP),  (KG/H/HP),     (DG.C),      (DEG),           ,           ,           ,           ,    (NM/KG),    (KG/MN),    (KG/NM),
267 bandymas        , 18000.0000,    10.0000, 18000.0000,     0.2645,   125.0300,   124.1792,   166.9932,   124.1792,   -30.0000,     0.0000,     0.0000,     0.0000,     0.0000,     0.0000,     0.0768,    25.0000,     0.0000,     0.0000,    33.8903,    82.0000,   401.0518,    84.1239,    89.2521,   764.2200,     0.2624,   824.5699,    56.9908,     5.0000,     0.0000,          E,          0,    0.34158,     6.0000,     5.5554,
267 bandymas        , 18000.0000,    10.0000, 18000.0000,     0.2744,   130.0000,   128.8680,   173.2413,   128.8680,   -30.0000,     0.0000,     0.0000,     0.0000,     0.0000,     0.0000,     0.0702,    25.0000,     0.0000,     0.0000,    34.3631,    82.0000,   405.6996,    84.3937,    89.4706,   774.8823,     0.2618,   828.0217,    57.1010,     5.0000,     0.0000,          E,          0,    0.35307,     6.0000,     5.3455,
267 bandymas        , 18000.0000,    10.0000, 18000.0000,     0.2846,   135.0000,   133.7255,   179.7093,   133.7255,   -30.0000,     0.0000,     0.0000,     0.0000,     0.0000,     0.0000,     0.0644,    25.0000,     0.0000,     0.0000,    35.0806,    82.0000,   411.8433,    84.7182,    89.7284,   791.0623,     0.2603,   832.1196,    57.2738,     5.0000,     0.0000,          E,          0,    0.36351,     6.0000,     5.1556,
267 bandymas        , 18000.0000,    10.0000, 18000.0000,     0.2950,   140.0000,   138.6274,   186.2288,   138.6274,   -30.0000,     0.0000,     0.0000,     0.0000,     0.0000,     0.0000,     0.0597,    25.0000,     0.0000,     0.0000,    36.1029,    82.0000,   419.8525,    85.1027,    90.0285,   814.1148,     0.2579,   836.9133,    57.5427,     5.0000,     0.0000,          E,          0,    0.37210,     6.0000,     4.9917,
267 bandymas        , 18000.0000,    10.0000, 18000.0000,     0.3053,   145.0000,   143.5294,   192.7417,   143.5294,   -30.0000,     0.0000,     0.0000,     0.0000,     0.0000,     0.0000,     0.0557,    25.0000,     0.0000,     0.0000,    37.1170,    82.0000,   427.2769,    85.4075,    90.2938,   836.9823,     0.2552,   841.3022,    57.8027,     5.0000,     0.0000,          E,          0,    0.38088,     6.0000,     4.8376,
267 bandymas        , 18000.0000,    10.0000, 18000.0000,     0.3156,   150.0000,   148.4314,   199.2468,   148.4314,   -30.0000,     0.0000,     0.0000,     0.0000,     0.0000,     0.0000,     0.0523,    25.0000,     0.0000,     0.0000,    38.3521,    82.0000,   436.2791,    85.7369,    90.5883,   864.8347,     0.2522,   846.4080,    58.1944,     5.0000,     0.0000,          E,          0,    0.38793,     6.0000,     4.7048,
267 bandymas        , 18000.0000,    10.0000, 18000.0000,     0.3260,   155.0000,   153.3775,   205.8036,   153.3775,   -30.0000,     0.0000,     0.0000,     0.0000,     0.0000,     0.0000,     0.0496,    25.0000,     0.0000,     0.0000,    39.9873,    82.0000,   448.3290,    86.1611,    90.9447,   901.7072,     0.2486,   852.5819,    58.8722,     5.0000,     0.0000,          E,          0,    0.39213,     6.0000,     4.5979,
267 bandymas        , 18000.0000,    10.0000, 18000.0000,     0.3364,   160.0000,   158.3444,   212.3801,   158.3444,   -30.0000,     0.0000,     0.0000,     0.0000,     0.0000,     0.0000,     0.0473,    25.0000,     0.0000,     0.0000,    41.9194,    82.0000,   462.6534,    86.6380,    91.3367,   945.2759,     0.2447,   859.3530,    59.6842,     5.0000,     0.0000,          E,          0,    0.39420,     6.0000,     4.5107,
267 bandymas        , 18000.0000,    10.0000, 18000.0000,     0.3468,   165.0000,   163.3112,   218.9474,   163.3112,   -30.0000,     0.0000,     0.0000,     0.0000,     0.0000,     0.0000,     0.0454,    25.0000,     0.0000,     0.0000,    43.9283,    82.0000,   477.9728,    87.2255,    91.8026,   990.5754,     0.2413,   867.4084,    60.5212,     5.0000,     0.0000,          E,          0,    0.39531,     6.0000,     4.4350,
267 bandymas        , 18000.0000,    10.0000, 18000.0000,     0.3572,   170.0000,   168.2781,   225.5067,   168.2781,   -30.0000,     0.0000,     0.0000,     0.0000,     0.0000,     0.0000,     0.0437,    25.0000,     0.0000,     0.0000,    46.1549,    82.0000,   494.9098,    87.8959,    92.3023,  1040.7866,     0.2378,   876.1095,    61.4509,     5.0000,     0.0000,          E,          0,    0.39503,     6.0000,     4.3728,
267 bandymas        , 18000.0000,    10.0000, 18000.0000,     0.3676,   175.0000,   173.2450,   232.0592,   173.2450,   -30.0000,     0.0000,     0.0000,     0.0000,     0.0000,     0.0000,     0.0423,    25.0000,     0.0000,     0.0000,    48.5856,    82.0000,   513.3697,    88.6929,    92.8408,  1095.5985,     0.2343,   885.8466,    62.4648,     5.0000,     0.0000,          E,          0,    0.39359,     6.0000,     4.3223,
267 bandymas        , 18000.0000,    10.0000, 18000.0000,     0.3779,   180.0000,   178.2119,   238.6015,   178.2119,   -30.0000,     0.0000,     0.0000,     0.0000,     0.0000,     0.0000,     0.0411,    25.0000,     0.0000,     0.0000,    51.3057,    82.0000,   534.5599,    89.6219,    93.4540,  1156.9346,     0.2310,   897.1849,    63.6023,     5.0000,     0.0000,          E,          0,    0.39023,     6.0000,     4.2884,
267 bandymas        , 18000.0000,    10.0000, 18000.0000,     0.3883,   185.0000,   183.1841,   245.1428,   183.1841,   -30.0000,     0.0000,     0.0000,     0.0000,     0.0000,     0.0000,     0.0401,    25.0000,     0.0000,     0.0000,    54.1851,    82.0000,   557.3537,    90.6081,    94.1053,  1221.8660,     0.2281,   909.4664,    64.7986,     5.0000,     0.0000,          E,          0,    0.38601,     6.0000,     4.2639,
267 bandymas        , 18000.0000,    10.0000, 18000.0000,     0.3986,   190.0000,   188.1592,   251.6787,   188.1592,   -30.0000,     0.0000,     0.0000,     0.0000,     0.0000,     0.0000,     0.0392,    25.0000,     0.0000,     0.0000,    57.2549,    82.0000,   581.6497,    91.5939,    94.7902,  1291.0881,     0.2253,   922.4565,    66.0769,     5.0000,     0.0000,          E,          0,    0.38112,     6.0000,     4.2478,
267 bandymas        , 18000.0000,    10.0000, 18000.0000,     0.4090,   195.0000,   193.1344,   258.2047,   193.1344,   -30.0000,     0.0000,     0.0000,     0.0000,     0.0000,     0.0000,     0.0385,    25.0000,     0.0000,     0.0000,    60.5628,    82.0000,   607.0836,    92.6536,    95.4909,  1365.6820,     0.2223,   935.0449,    67.4532,     5.0000,     0.0000,          E,          0,    0.37590,     6.0000,     4.2378,
267 bandymas        , 18000.0000,    10.0000, 18000.0000,     0.4193,   200.0000,   198.1095,   264.7228,   198.1095,   -30.0000,     0.0000,     0.0000,     0.0000,     0.0000,     0.0000,     0.0379,    25.0000,     0.0000,     0.0000,    64.1411,    82.0000,   635.0915,    93.7266,    96.2645,  1446.3718,     0.2195,   949.4057,    68.9405,     5.0000,     0.0000,          E,          0,    0.36959,     6.0000,     4.2394,
267 bandymas        , 18000.0000,    10.0000, 18000.0000,     0.4296,   205.0000,   203.0846,   271.2306,   203.0846,   -30.0000,     0.0000,     0.0000,     0.0000,     0.0000,     0.0000,     0.0373,    25.0000,     0.0000,     0.0000,    67.9384,    82.0000,   666.9167,    94.7596,    97.1049,  1532.0010,     0.2177,   965.7106,    72.1100,     5.0000,     0.0000,          E,          0,    0.36171,     6.0000,     4.2570,
267 bandymas        , 18000.0000,    10.0000, 18000.0000,     0.4325,   206.4039,   204.4815,   273.0560,   204.4815,   -30.0000,     0.0000,     0.0000,     0.0000,     0.0000,     0.0000,     0.0372,    25.0000,     0.0000,     0.0000,    68.9961,    82.0000,   676.2318,    95.0506,    97.3409,  1555.8506,     0.2173,   970.2815,    72.9973,     5.0000,     0.0000,          E,          0,    0.35943,     6.0000,     4.2633,
267 bandymas        , 18000.0000,    10.0000, 18000.0000,     0.3487,   165.8983,   164.2036,   220.1263,     1.0000,   -30.0000,     0.0000,     0.0000,     0.0000,     0.0000,     0.0000,     0.0450,    25.0000,     0.0000,     0.0000,    44.3154,    82.0000,   480.9341,    87.3377,    91.8907,   999.3043,     0.2406,   868.9314,    60.6830,     5.0000,     0.0000,          E,          0,    0.39533,     6.0000,     4.4230,
267 bandymas        , 18000.0000,    10.0000, 18000.0000,     0.3751,   178.6529,   176.8737,   236.8401,     0.9900,   -30.0000,     0.0000,     0.0000,     0.0000,     0.0000,     0.0000,     0.0414,    25.0000,     0.0000,     0.0000,    50.5405,    82.0000,   528.4974,    89.3563,    93.2791,  1139.6808,     0.2319,   893.9319,    63.2820,     5.0000,     0.0000,          E,          0,    0.39137,     6.0000,     4.2956,
267 bandymas        , 18000.0000,    10.0000, 18000.0000,     0.4325,   206.4038,   204.4814,   273.0559,   999.0000,   -30.0000,     0.0000,     0.0000,     0.0000,     0.0000,     0.0000,     0.0372,    25.0000,     0.0000,     0.0000,    68.9960,    82.0000,   676.2313,    95.0505,    97.3409,  1555.8491,     0.2173,   970.2812,    72.9972,     5.0000,     0.0000,          E,          0,    0.35943,     6.0000,     4.2633,
