                CASE,         ZP,        ISA,     WEIGHT,       MACH,        IAS,        CAS,        TAS, SPEED_CODE,       WIND,       TIME,       FUEL,       DIST,       RATE,       GRDT,         CD,         CG,      FLAPS,      LGEAR,         TQ,         NP,        WFE,         NL,         NH,        SHP,        SFC,        ITT,        PLA,         RC,     ENGOUT,    AIRCOND,      ICING,         SR,         CI,       COST,
                    ,       (FT),     (DG.C),       (KG),           ,       (KT),       (KT),       (KT),           ,       (KT),       (MN),       (KG),       (NM),    (FT/MN),      (DEG),           ,        (%),           ,           ,        (%),        (%),     (KG/H),        (%),        (%),       (HP),  (KG/H/HP),     (DG.C),      (DEG),           ,           ,           ,           ,    (NM/KG),    (KG/MN),    (KG/NM),
275 bandymas        , 18000.0000,   -10.0000, 19500.0000,     0.2753,   130.4409,   129.2839,   167.0436,   129.2839,    30.0000,     0.0000,     0.0000,     0.0000,     0.0000,     0.0000,     0.0759,    25.0000,     0.0000,     0.0000,    36.1763,    82.0000,   413.1746,    82.2652,    86.7960,   815.7701,     0.2532,   788.3529,    56.6163,     5.0000,     0.0000,          E,          0,    0.47690,     6.0000,     3.9239,
275 bandymas        , 18000.0000,   -10.0000, 19500.0000,     0.2846,   135.0000,   133.7255,   172.7273,   133.7255,    30.0000,     0.0000,     0.0000,     0.0000,     0.0000,     0.0000,     0.0698,    25.0000,     0.0000,     0.0000,    36.5843,    82.0000,   416.5523,    82.4330,    86.9367,   824.9710,     0.2525,   790.5084,    56.6789,     5.0000,     0.0000,          E,          0,    0.48668,     6.0000,     3.8305,
275 bandymas        , 18000.0000,   -10.0000, 19500.0000,     0.2950,   140.0000,   138.6274,   178.9935,   138.6274,    30.0000,     0.0000,     0.0000,     0.0000,     0.0000,     0.0000,     0.0641,    25.0000,     0.0000,     0.0000,    37.2615,    82.0000,   421.5351,    82.6661,    87.1228,   840.2409,     0.2508,   793.3836,    56.8133,     5.0000,     0.0000,          E,          0,    0.49579,     6.0000,     3.7395,
275 bandymas        , 18000.0000,   -10.0000, 19500.0000,     0.3053,   145.0000,   143.5294,   185.2534,   143.5294,    30.0000,     0.0000,     0.0000,     0.0000,     0.0000,     0.0000,     0.0595,    25.0000,     0.0000,     0.0000,    38.2547,    82.0000,   428.4644,    82.9408,    87.3558,   862.6385,     0.2483,   797.1420,    57.0385,     5.0000,     0.0000,          E,          0,    0.50238,     6.0000,     3.6630,
275 bandymas        , 18000.0000,   -10.0000, 19500.0000,     0.3156,   150.0000,   148.4314,   191.5057,   148.4314,    30.0000,     0.0000,     0.0000,     0.0000,     0.0000,     0.0000,     0.0555,    25.0000,     0.0000,     0.0000,    39.2337,    82.0000,   435.2658,    83.1591,    87.5708,   884.7141,     0.2460,   800.7290,    57.2536,     5.0000,     0.0000,          E,          0,    0.50890,     6.0000,     3.5903,
275 bandymas        , 18000.0000,   -10.0000, 19500.0000,     0.3260,   155.0000,   153.3775,   197.8078,   153.3775,    30.0000,     0.0000,     0.0000,     0.0000,     0.0000,     0.0000,     0.0522,    25.0000,     0.0000,     0.0000,    40.4197,    82.0000,   443.6757,    83.4450,    87.8318,   911.4572,     0.2434,   805.0576,    57.5236,     5.0000,     0.0000,          E,          0,    0.51346,     6.0000,     3.5279,
275 bandymas        , 18000.0000,   -10.0000, 19500.0000,     0.3364,   160.0000,   158.3444,   204.1288,   158.3444,    30.0000,     0.0000,     0.0000,     0.0000,     0.0000,     0.0000,     0.0494,    25.0000,     0.0000,     0.0000,    41.9392,    82.0000,   454.7404,    83.8707,    88.1866,   945.7221,     0.2404,   810.9086,    57.8847,     5.0000,     0.0000,          E,          0,    0.51486,     6.0000,     3.4799,
275 bandymas        , 18000.0000,   -10.0000, 19500.0000,     0.3468,   165.0000,   163.3112,   210.4409,   163.3112,    30.0000,     0.0000,     0.0000,     0.0000,     0.0000,     0.0000,     0.0471,    25.0000,     0.0000,     0.0000,    43.8392,    82.0000,   468.6906,    84.4133,    88.6194,   988.5667,     0.2371,   818.0076,    58.5112,     5.0000,     0.0000,          E,          0,    0.51301,     6.0000,     3.4465,
275 bandymas        , 18000.0000,   -10.0000, 19500.0000,     0.3572,   170.0000,   168.2781,   216.7453,   168.2781,    30.0000,     0.0000,     0.0000,     0.0000,     0.0000,     0.0000,     0.0452,    25.0000,     0.0000,     0.0000,    45.8823,    82.0000,   483.5779,    85.0535,    89.0721,  1034.6393,     0.2337,   825.6437,    59.2380,     5.0000,     0.0000,          E,          0,    0.51025,     6.0000,     3.4188,
275 bandymas        , 18000.0000,   -10.0000, 19500.0000,     0.3676,   175.0000,   173.2450,   223.0433,   173.2450,    30.0000,     0.0000,     0.0000,     0.0000,     0.0000,     0.0000,     0.0436,    25.0000,     0.0000,     0.0000,    48.0736,    82.0000,   499.6142,    85.7789,    89.5575,  1084.0524,     0.2304,   834.0862,    60.0119,     5.0000,     0.0000,          E,          0,    0.50648,     6.0000,     3.3971,
275 bandymas        , 18000.0000,   -10.0000, 19500.0000,     0.3779,   180.0000,   178.2119,   229.3315,   178.2119,    30.0000,     0.0000,     0.0000,     0.0000,     0.0000,     0.0000,     0.0422,    25.0000,     0.0000,     0.0000,    50.4586,    82.0000,   517.6398,    86.5924,    90.0991,  1137.8345,     0.2275,   843.6788,    60.8507,     5.0000,     0.0000,          E,          0,    0.50099,     6.0000,     3.3842,
275 bandymas        , 18000.0000,   -10.0000, 19500.0000,     0.3883,   185.0000,   183.1841,   235.6185,   183.1841,    30.0000,     0.0000,     0.0000,     0.0000,     0.0000,     0.0000,     0.0410,    25.0000,     0.0000,     0.0000,    53.1766,    82.0000,   538.1803,    87.4989,    90.7109,  1199.1240,     0.2244,   854.6323,    61.8100,     5.0000,     0.0000,          E,          0,    0.49355,     6.0000,     3.3815,
275 bandymas        , 18000.0000,   -10.0000, 19500.0000,     0.3986,   190.0000,   188.1592,   241.9006,   188.1592,    30.0000,     0.0000,     0.0000,     0.0000,     0.0000,     0.0000,     0.0401,    25.0000,     0.0000,     0.0000,    56.1327,    82.0000,   560.3937,    88.4349,    91.3662,  1265.7842,     0.2214,   866.4350,    62.8481,     5.0000,     0.0000,          E,          0,    0.48520,     6.0000,     3.3850,
275 bandymas        , 18000.0000,   -10.0000, 19500.0000,     0.4090,   195.0000,   193.1344,   248.1730,   193.1344,    30.0000,     0.0000,     0.0000,     0.0000,     0.0000,     0.0000,     0.0392,    25.0000,     0.0000,     0.0000,    59.2001,    82.0000,   582.9172,    89.4177,    92.0182,  1334.9539,     0.2183,   877.5133,    63.9120,     5.0000,     0.0000,          E,          0,    0.47721,     6.0000,     3.3897,
275 bandymas        , 18000.0000,   -10.0000, 19500.0000,     0.4193,   200.0000,   198.1095,   254.4379,   198.1095,    30.0000,     0.0000,     0.0000,     0.0000,     0.0000,     0.0000,     0.0385,    25.0000,     0.0000,     0.0000,    62.4961,    82.0000,   607.4462,    90.3342,    92.7268,  1409.2770,     0.2155,   890.2518,    65.0469,     5.0000,     0.0000,          E,          0,    0.46825,     6.0000,     3.4013,
275 bandymas        , 18000.0000,   -10.0000, 19500.0000,     0.4296,   205.0000,   203.0846,   260.6928,   203.0846,    30.0000,     0.0000,     0.0000,     0.0000,     0.0000,     0.0000,     0.0379,    25.0000,     0.0000,     0.0000,    66.0791,    82.0000,   636.8846,    91.3183,    93.5269,  1490.0729,     0.2137,   904.9351,    66.2740,     5.0000,     0.0000,          E,          0,    0.45643,     6.0000,     3.4293,
275 bandymas        , 18000.0000,   -10.0000, 19500.0000,     0.4399,   210.0000,   208.0598,   266.9385,   208.0598,    30.0000,     0.0000,     0.0000,     0.0000,     0.0000,     0.0000,     0.0373,    25.0000,     0.0000,     0.0000,    69.9553,    82.0000,   669.4481,    92.2848,    94.3883,  1577.4799,     0.2122,   921.0037,    67.5928,     5.0000,     0.0000,          E,          0,    0.44356,     6.0000,     3.4669,
275 bandymas        , 18000.0000,   -10.0000, 19500.0000,     0.4502,   215.0000,   213.0348,   273.1747,   213.0348,    30.0000,     0.0000,     0.0000,     0.0000,     0.0000,     0.0000,     0.0368,    25.0000,     0.0000,     0.0000,    73.9137,    82.0000,   707.0855,    93.2995,    95.3346,  1666.7422,     0.2121,   938.8573,    68.9164,     5.0000,     0.0000,          E,          0,    0.42877,     6.0000,     3.5197,
275 bandymas        , 18000.0000,   -10.0000, 19500.0000,     0.4604,   220.0000,   218.0099,   279.4022,   218.0099,    30.0000,     0.0000,     0.0000,     0.0000,     0.0000,     0.0000,     0.0363,    25.0000,     0.0000,     0.0000,    78.0202,    82.0000,   748.1023,    94.4246,    96.3403,  1759.3440,     0.2126,   957.9771,    71.7419,     5.0000,     0.0000,          E,          0,    0.41358,     6.0000,     3.5814,
275 bandymas        , 18000.0000,   -10.0000, 19500.0000,     0.4647,   222.0901,   220.0901,   282.0027,   220.0901,    30.0000,     0.0000,     0.0000,     0.0000,     0.0000,     0.0000,     0.0362,    25.0000,     0.0000,     0.0000,    79.7988,    82.0000,   766.3199,    94.9520,    96.8021,  1799.4506,     0.2129,   966.8198,    72.9947,     5.0000,     0.0000,          E,          0,    0.40714,     6.0000,     3.6100,
275 bandymas        , 18000.0000,   -10.0000, 19500.0000,     0.3321,   157.9242,   156.2823,   201.5053,     1.0000,    30.0000,     0.0000,     0.0000,     0.0000,     0.0000,     0.0000,     0.0504,    25.0000,     0.0000,     0.0000,    41.2211,    82.0000,   449.4852,    83.6643,    88.0195,   929.5286,     0.2418,   808.1623,    57.7100,     5.0000,     0.0000,          E,          0,    0.51505,     6.0000,     3.4966,
275 bandymas        , 18000.0000,   -10.0000, 19500.0000,     0.3583,   170.5518,   168.8263,   217.4412,     0.9900,    30.0000,     0.0000,     0.0000,     0.0000,     0.0000,     0.0000,     0.0450,    25.0000,     0.0000,     0.0000,    46.1170,    82.0000,   485.2788,    85.1305,    89.1237,  1039.9307,     0.2333,   826.5338,    59.3211,     5.0000,     0.0000,          E,          0,    0.50989,     6.0000,     3.4161,
275 bandymas        , 18000.0000,   -10.0000, 19500.0000,     0.4647,   222.0901,   220.0901,   282.0026,   999.0000,    30.0000,     0.0000,     0.0000,     0.0000,     0.0000,     0.0000,     0.0362,    25.0000,     0.0000,     0.0000,    79.7987,    82.0000,   766.3190,    94.9519,    96.8020,  1799.4486,     0.2129,   966.8194,    72.9946,     5.0000,     0.0000,          E,          0,    0.40714,     6.0000,     3.6100,
