                CASE,         ZP,        ISA,     WEIGHT,       MACH,        IAS,        CAS,        TAS, SPEED_CODE,       WIND,       TIME,       FUEL,       DIST,       RATE,       GRDT,         CD,         CG,      FLAPS,      LGEAR,         TQ,         NP,        WFE,         NL,         NH,        SHP,        SFC,        ITT,        PLA,         RC,     ENGOUT,    AIRCOND,      ICING,         SR,         CI,       COST,
                    ,       (FT),     (DG.C),       (KG),           ,       (KT),       (KT),       (KT),           ,       (KT),       (MN),       (KG),       (NM),    (FT/MN),      (DEG),           ,        (%),           ,           ,        (%),        (%),     (KG/H),        (%),        (%),       (HP),  (KG/H/HP),     (DG.C),      (DEG),           ,           ,           ,           ,    (NM/KG),    (KG/MN),    (KG/NM),
278 bandymas        , 18000.0000,     0.0000, 19500.0000,     0.2753,   130.4409,   129.2839,   170.4532,   129.2839,   -15.0000,     0.0000,     0.0000,     0.0000,     0.0000,     0.0000,     0.0763,    25.0000,     0.0000,     0.0000,    37.0796,    82.0000,   423.6744,    84.0054,    88.6093,   836.1386,     0.2534,   815.8065,    57.4214,     5.0000,     0.0000,          E,          0,    0.36692,     6.0000,     5.0412,
278 bandymas        , 18000.0000,     0.0000, 19500.0000,     0.2846,   135.0000,   133.7255,   176.2529,   133.7255,   -15.0000,     0.0000,     0.0000,     0.0000,     0.0000,     0.0000,     0.0702,    25.0000,     0.0000,     0.0000,    37.5368,    82.0000,   427.4625,    84.1893,    88.7611,   846.4495,     0.2525,   818.1896,    57.5025,     5.0000,     0.0000,          E,          0,    0.37723,     6.0000,     4.8834,
278 bandymas        , 18000.0000,     0.0000, 19500.0000,     0.2950,   140.0000,   138.6274,   182.6470,   138.6274,   -15.0000,     0.0000,     0.0000,     0.0000,     0.0000,     0.0000,     0.0645,    25.0000,     0.0000,     0.0000,    38.2689,    82.0000,   432.9162,    84.4393,    88.9581,   862.9576,     0.2508,   821.3238,    57.6604,     5.0000,     0.0000,          E,          0,    0.38725,     6.0000,     4.7297,
278 bandymas        , 18000.0000,     0.0000, 19500.0000,     0.3053,   145.0000,   143.5294,   189.0346,   143.5294,   -15.0000,     0.0000,     0.0000,     0.0000,     0.0000,     0.0000,     0.0598,    25.0000,     0.0000,     0.0000,    39.1772,    82.0000,   439.3038,    84.6807,    89.1701,   883.4407,     0.2486,   824.8317,    57.8690,     5.0000,     0.0000,          E,          0,    0.39616,     6.0000,     4.5928,
278 bandymas        , 18000.0000,     0.0000, 19500.0000,     0.3156,   150.0000,   148.4314,   195.4146,   148.4314,   -15.0000,     0.0000,     0.0000,     0.0000,     0.0000,     0.0000,     0.0559,    25.0000,     0.0000,     0.0000,    40.2320,    82.0000,   446.7816,    84.9192,    89.4000,   907.2258,     0.2462,   828.7612,    58.1731,     5.0000,     0.0000,          E,          0,    0.40381,     6.0000,     4.4718,
278 bandymas        , 18000.0000,     0.0000, 19500.0000,     0.3260,   155.0000,   153.3775,   201.8453,   153.3775,   -15.0000,     0.0000,     0.0000,     0.0000,     0.0000,     0.0000,     0.0525,    25.0000,     0.0000,     0.0000,    41.5024,    82.0000,   456.0222,    85.2435,    89.6881,   935.8716,     0.2436,   833.6609,    58.6270,     5.0000,     0.0000,          E,          0,    0.40973,     6.0000,     4.3674,
278 bandymas        , 18000.0000,     0.0000, 19500.0000,     0.3364,   160.0000,   158.3444,   208.2953,   158.3444,   -15.0000,     0.0000,     0.0000,     0.0000,     0.0000,     0.0000,     0.0497,    25.0000,     0.0000,     0.0000,    43.1289,    82.0000,   468.1083,    85.7038,    90.0673,   972.5498,     0.2407,   840.0757,    59.2321,     5.0000,     0.0000,          E,          0,    0.41293,     6.0000,     4.2842,
278 bandymas        , 18000.0000,     0.0000, 19500.0000,     0.3468,   165.0000,   163.3112,   214.7363,   163.3112,   -15.0000,     0.0000,     0.0000,     0.0000,     0.0000,     0.0000,     0.0474,    25.0000,     0.0000,     0.0000,    45.0598,    82.0000,   482.5603,    86.2525,    90.5055,  1016.0921,     0.2375,   847.4639,    59.9624,     5.0000,     0.0000,          E,          0,    0.41391,     6.0000,     4.2184,
278 bandymas        , 18000.0000,     0.0000, 19500.0000,     0.3572,   170.0000,   168.2781,   221.1694,   168.2781,   -15.0000,     0.0000,     0.0000,     0.0000,     0.0000,     0.0000,     0.0455,    25.0000,     0.0000,     0.0000,    47.0459,    82.0000,   497.2928,    86.8767,    90.9432,  1060.8776,     0.2344,   855.1014,    60.7031,     5.0000,     0.0000,          E,          0,    0.41458,     6.0000,     4.1582,
278 bandymas        , 18000.0000,     0.0000, 19500.0000,     0.3676,   175.0000,   173.2450,   227.5959,   173.2450,   -15.0000,     0.0000,     0.0000,     0.0000,     0.0000,     0.0000,     0.0438,    25.0000,     0.0000,     0.0000,    49.3128,    82.0000,   514.3325,    87.6327,    91.4482,  1111.9951,     0.2313,   864.1359,    61.5541,     5.0000,     0.0000,          E,          0,    0.41334,     6.0000,     4.1126,
278 bandymas        , 18000.0000,     0.0000, 19500.0000,     0.3779,   180.0000,   178.2119,   234.0124,   178.2119,   -15.0000,     0.0000,     0.0000,     0.0000,     0.0000,     0.0000,     0.0424,    25.0000,     0.0000,     0.0000,    51.8102,    82.0000,   533.6351,    88.4868,    92.0156,  1168.3109,     0.2284,   874.4648,    62.4903,     5.0000,     0.0000,          E,          0,    0.41042,     6.0000,     4.0803,
278 bandymas        , 18000.0000,     0.0000, 19500.0000,     0.3883,   185.0000,   183.1841,   240.4278,   183.1841,   -15.0000,     0.0000,     0.0000,     0.0000,     0.0000,     0.0000,     0.0412,    25.0000,     0.0000,     0.0000,    54.5852,    82.0000,   555.0911,    89.4039,    92.6396,  1230.8871,     0.2255,   885.9473,    63.5299,     5.0000,     0.0000,          E,          0,    0.40611,     6.0000,     4.0594,
278 bandymas        , 18000.0000,     0.0000, 19500.0000,     0.3986,   190.0000,   188.1592,   246.8380,   188.1592,   -15.0000,     0.0000,     0.0000,     0.0000,     0.0000,     0.0000,     0.0402,    25.0000,     0.0000,     0.0000,    57.4809,    82.0000,   577.3331,    90.3130,    93.2784,  1296.1849,     0.2227,   897.8112,    64.6015,     5.0000,     0.0000,          E,          0,    0.40157,     6.0000,     4.0431,
278 bandymas        , 18000.0000,     0.0000, 19500.0000,     0.4090,   195.0000,   193.1344,   253.2385,   193.1344,   -15.0000,     0.0000,     0.0000,     0.0000,     0.0000,     0.0000,     0.0394,    25.0000,     0.0000,     0.0000,    60.6485,    82.0000,   601.2399,    91.3285,    93.9539,  1367.6133,     0.2198,   909.6494,    65.7695,     5.0000,     0.0000,          E,          0,    0.39625,     6.0000,     4.0348,
278 bandymas        , 18000.0000,     0.0000, 19500.0000,     0.4193,   200.0000,   198.1095,   259.6313,   198.1095,   -15.0000,     0.0000,     0.0000,     0.0000,     0.0000,     0.0000,     0.0386,    25.0000,     0.0000,     0.0000,    64.0557,    82.0000,   627.2528,    92.2615,    94.6873,  1444.4452,     0.2171,   923.2994,    67.0169,     5.0000,     0.0000,          E,          0,    0.39000,     6.0000,     4.0357,
278 bandymas        , 18000.0000,     0.0000, 19500.0000,     0.4296,   205.0000,   203.0846,   266.0139,   203.0846,   -15.0000,     0.0000,     0.0000,     0.0000,     0.0000,     0.0000,     0.0380,    25.0000,     0.0000,     0.0000,    67.7430,    82.0000,   658.6302,    93.2794,    95.5145,  1527.5942,     0.2156,   938.9186,    68.3585,     5.0000,     0.0000,          E,          0,    0.38112,     6.0000,     4.0581,
278 bandymas        , 18000.0000,     0.0000, 19500.0000,     0.4399,   210.0000,   208.0598,   272.3871,   208.0598,   -15.0000,     0.0000,     0.0000,     0.0000,     0.0000,     0.0000,     0.0374,    25.0000,     0.0000,     0.0000,    71.6672,    82.0000,   692.4423,    94.2427,    96.3850,  1616.0836,     0.2142,   955.6581,    70.6761,     5.0000,     0.0000,          E,          0,    0.37171,     6.0000,     4.0889,
278 bandymas        , 18000.0000,     0.0000, 19500.0000,     0.4477,   213.7711,   211.8120,   277.1877,   211.8120,   -15.0000,     0.0000,     0.0000,     0.0000,     0.0000,     0.0000,     0.0371,    25.0000,     0.0000,     0.0000,    74.6777,    82.0000,   721.7446,    95.0139,    97.1048,  1683.9708,     0.2143,   969.6189,    72.9979,     5.0000,     0.0000,          E,          0,    0.36327,     6.0000,     4.1258,
278 bandymas        , 18000.0000,     0.0000, 19500.0000,     0.3556,   169.2217,   167.5050,   220.1688,     1.0000,   -15.0000,     0.0000,     0.0000,     0.0000,     0.0000,     0.0000,     0.0457,    25.0000,     0.0000,     0.0000,    46.7174,    82.0000,   494.8639,    86.7692,    90.8710,  1053.4703,     0.2349,   853.8229,    60.5801,     5.0000,     0.0000,          E,          0,    0.41460,     6.0000,     4.1666,
278 bandymas        , 18000.0000,     0.0000, 19500.0000,     0.3778,   179.9485,   178.1607,   233.9469,     0.9900,   -15.0000,     0.0000,     0.0000,     0.0000,     0.0000,     0.0000,     0.0424,    25.0000,     0.0000,     0.0000,    51.7837,    82.0000,   533.4307,    88.4778,    92.0096,  1167.7144,     0.2284,   874.3550,    62.4804,     5.0000,     0.0000,          E,          0,    0.41045,     6.0000,     4.0806,
278 bandymas        , 18000.0000,     0.0000, 19500.0000,     0.4477,   213.7710,   211.8120,   277.1879,   999.0000,   -15.0000,     0.0000,     0.0000,     0.0000,     0.0000,     0.0000,     0.0371,    25.0000,     0.0000,     0.0000,    74.6778,    82.0000,   721.7456,    95.0139,    97.1048,  1683.9729,     0.2143,   969.6193,    72.9979,     5.0000,     0.0000,          E,          0,    0.36327,     6.0000,     4.1258,
