                CASE,         ZP,        ISA,     WEIGHT,       MACH,        IAS,        CAS,        TAS, SPEED_CODE,       WIND,       TIME,       FUEL,       DIST,       RATE,       GRDT,         CD,         CG,      FLAPS,      LGEAR,         TQ,         NP,        WFE,         NL,         NH,        SHP,        SFC,        ITT,        PLA,         RC,     ENGOUT,    AIRCOND,      ICING,         SR,         CI,       COST,
                    ,       (FT),     (DG.C),       (KG),           ,       (KT),       (KT),       (KT),           ,       (KT),       (MN),       (KG),       (NM),    (FT/MN),      (DEG),           ,        (%),           ,           ,        (%),        (%),     (KG/H),        (%),        (%),       (HP),  (KG/H/HP),     (DG.C),      (DEG),           ,           ,           ,           ,    (NM/KG),    (KG/MN),    (KG/NM),
290 bandymas        , 18000.0000,   -10.0000, 21000.0000,     0.2856,   135.4823,   134.1983,   173.3323,   134.1983,    30.0000,     0.0000,     0.0000,     0.0000,     0.0000,     0.0000,     0.0757,    25.0000,     0.0000,     0.0000,    40.1701,    82.0000,   443.6368,    83.7652,    87.8224,   905.8292,     0.2449,   804.7879,    57.7671,     5.0000,     0.0000,          E,          0,    0.45833,     6.0000,     3.9523,
290 bandymas        , 18000.0000,   -10.0000, 21000.0000,     0.2950,   140.0000,   138.6274,   178.9935,   138.6274,    30.0000,     0.0000,     0.0000,     0.0000,     0.0000,     0.0000,     0.0698,    25.0000,     0.0000,     0.0000,    40.6402,    82.0000,   446.8341,    83.8919,    87.9377,   916.4304,     0.2438,   806.4766,    57.8392,     5.0000,     0.0000,          E,          0,    0.46772,     6.0000,     3.8606,
290 bandymas        , 18000.0000,   -10.0000, 21000.0000,     0.3053,   145.0000,   143.5294,   185.2534,   143.5294,    30.0000,     0.0000,     0.0000,     0.0000,     0.0000,     0.0000,     0.0643,    25.0000,     0.0000,     0.0000,    41.3988,    82.0000,   451.9724,    84.0764,    88.1130,   933.5370,     0.2421,   809.2733,    57.9869,     5.0000,     0.0000,          E,          0,    0.47625,     6.0000,     3.7722,
290 bandymas        , 18000.0000,   -10.0000, 21000.0000,     0.3156,   150.0000,   148.4314,   191.5057,   148.4314,    30.0000,     0.0000,     0.0000,     0.0000,     0.0000,     0.0000,     0.0597,    25.0000,     0.0000,     0.0000,    42.2334,    82.0000,   457.8222,    84.2563,    88.3019,   952.3557,     0.2404,   812.4575,    58.2227,     5.0000,     0.0000,          E,          0,    0.48382,     6.0000,     3.6921,
290 bandymas        , 18000.0000,   -10.0000, 21000.0000,     0.3260,   155.0000,   153.3775,   197.8078,   153.3775,    30.0000,     0.0000,     0.0000,     0.0000,     0.0000,     0.0000,     0.0559,    25.0000,     0.0000,     0.0000,    43.3311,    82.0000,   465.6713,    84.5227,    88.5496,   977.1091,     0.2383,   816.5840,    58.5702,     5.0000,     0.0000,          E,          0,    0.48920,     6.0000,     3.6244,
290 bandymas        , 18000.0000,   -10.0000, 21000.0000,     0.3364,   160.0000,   158.3444,   204.1288,   158.3444,    30.0000,     0.0000,     0.0000,     0.0000,     0.0000,     0.0000,     0.0525,    25.0000,     0.0000,     0.0000,    44.6371,    82.0000,   475.1059,    84.8673,    88.8391,  1006.5596,     0.2360,   821.4308,    58.9979,     5.0000,     0.0000,          E,          0,    0.49279,     6.0000,     3.5669,
290 bandymas        , 18000.0000,   -10.0000, 21000.0000,     0.3468,   165.0000,   163.3112,   210.4409,   163.3112,    30.0000,     0.0000,     0.0000,     0.0000,     0.0000,     0.0000,     0.0497,    25.0000,     0.0000,     0.0000,    46.2389,    82.0000,   486.7334,    85.3261,    89.1861,  1042.6807,     0.2334,   827.2733,    59.5419,     5.0000,     0.0000,          E,          0,    0.49399,     6.0000,     3.5216,
290 bandymas        , 18000.0000,   -10.0000, 21000.0000,     0.3572,   170.0000,   168.2781,   216.7453,   168.2781,    30.0000,     0.0000,     0.0000,     0.0000,     0.0000,     0.0000,     0.0475,    25.0000,     0.0000,     0.0000,    48.1594,    82.0000,   500.8958,    85.9424,    89.6121,  1085.9872,     0.2306,   834.6038,    60.2090,     5.0000,     0.0000,          E,          0,    0.49261,     6.0000,     3.4890,
290 bandymas        , 18000.0000,   -10.0000, 21000.0000,     0.3676,   175.0000,   173.2450,   223.0433,   173.2450,    30.0000,     0.0000,     0.0000,     0.0000,     0.0000,     0.0000,     0.0456,    25.0000,     0.0000,     0.0000,    50.1940,    82.0000,   516.1820,    86.6251,    90.0726,  1131.8660,     0.2280,   842.7532,    60.9095,     5.0000,     0.0000,          E,          0,    0.49022,     6.0000,     3.4626,
290 bandymas        , 18000.0000,   -10.0000, 21000.0000,     0.3779,   180.0000,   178.2119,   229.3315,   178.2119,    30.0000,     0.0000,     0.0000,     0.0000,     0.0000,     0.0000,     0.0439,    25.0000,     0.0000,     0.0000,    52.5221,    82.0000,   533.7014,    87.3966,    90.5961,  1184.3657,     0.2253,   852.1137,    61.7178,     5.0000,     0.0000,          E,          0,    0.48591,     6.0000,     3.4462,
290 bandymas        , 18000.0000,   -10.0000, 21000.0000,     0.3883,   185.0000,   183.1841,   235.6185,   183.1841,    30.0000,     0.0000,     0.0000,     0.0000,     0.0000,     0.0000,     0.0426,    25.0000,     0.0000,     0.0000,    55.1236,    82.0000,   553.2697,    88.2162,    91.1756,  1243.0272,     0.2225,   862.5500,    62.6218,     5.0000,     0.0000,          E,          0,    0.48009,     6.0000,     3.4383,
290 bandymas        , 18000.0000,   -10.0000, 21000.0000,     0.3986,   190.0000,   188.1592,   241.9006,   188.1592,    30.0000,     0.0000,     0.0000,     0.0000,     0.0000,     0.0000,     0.0414,    25.0000,     0.0000,     0.0000,    57.9209,    82.0000,   574.0341,    89.0824,    91.7855,  1306.1071,     0.2198,   873.6202,    63.5880,     5.0000,     0.0000,          E,          0,    0.47367,     6.0000,     3.4352,
290 bandymas        , 18000.0000,   -10.0000, 21000.0000,     0.4090,   195.0000,   193.1344,   248.1730,   193.1344,    30.0000,     0.0000,     0.0000,     0.0000,     0.0000,     0.0000,     0.0404,    25.0000,     0.0000,     0.0000,    60.9264,    82.0000,   596.3647,    89.9755,    92.4320,  1373.8807,     0.2170,   885.0174,    64.6209,     5.0000,     0.0000,          E,          0,    0.46645,     6.0000,     3.4380,
290 bandymas        , 18000.0000,   -10.0000, 21000.0000,     0.4193,   200.0000,   198.1095,   254.4379,   198.1095,    30.0000,     0.0000,     0.0000,     0.0000,     0.0000,     0.0000,     0.0395,    25.0000,     0.0000,     0.0000,    64.1496,    82.0000,   621.4129,    90.8375,    93.1356,  1446.5638,     0.2148,   897.9096,    65.7208,     5.0000,     0.0000,          E,          0,    0.45773,     6.0000,     3.4504,
290 bandymas        , 18000.0000,   -10.0000, 21000.0000,     0.4296,   205.0000,   203.0846,   260.6928,   203.0846,    30.0000,     0.0000,     0.0000,     0.0000,     0.0000,     0.0000,     0.0388,    25.0000,     0.0000,     0.0000,    67.6278,    82.0000,   650.5507,    91.7730,    93.9132,  1524.9950,     0.2133,   912.2255,    66.9002,     5.0000,     0.0000,          E,          0,    0.44684,     6.0000,     3.4764,
290 bandymas        , 18000.0000,   -10.0000, 21000.0000,     0.4399,   210.0000,   208.0598,   266.9385,   208.0598,    30.0000,     0.0000,     0.0000,     0.0000,     0.0000,     0.0000,     0.0381,    25.0000,     0.0000,     0.0000,    71.4266,    82.0000,   683.1198,    92.6836,    94.7650,  1610.6589,     0.2121,   928.2335,    68.1831,     5.0000,     0.0000,          E,          0,    0.43468,     6.0000,     3.5129,
290 bandymas        , 18000.0000,   -10.0000, 21000.0000,     0.4502,   215.0000,   213.0348,   273.1747,   213.0348,    30.0000,     0.0000,     0.0000,     0.0000,     0.0000,     0.0000,     0.0375,    25.0000,     0.0000,     0.0000,    75.3854,    82.0000,   722.7750,    93.7414,    95.7461,  1699.9296,     0.2126,   946.7772,    70.0857,     5.0000,     0.0000,          E,          0,    0.41946,     6.0000,     3.5715,
290 bandymas        , 18000.0000,   -10.0000, 21000.0000,     0.4604,   219.9677,   217.9778,   279.3617,   217.9778,    30.0000,     0.0000,     0.0000,     0.0000,     0.0000,     0.0000,     0.0370,    25.0000,     0.0000,     0.0000,    79.4882,    82.0000,   764.1232,    94.9181,    96.7722,  1792.4463,     0.2132,   966.3688,    72.9971,     5.0000,     0.0000,          E,          0,    0.40486,     6.0000,     3.6337,
290 bandymas        , 18000.0000,   -10.0000, 21000.0000,     0.3444,   163.8559,   162.1747,   208.9979,     1.0000,    30.0000,     0.0000,     0.0000,     0.0000,     0.0000,     0.0000,     0.0502,    25.0000,     0.0000,     0.0000,    45.8009,    82.0000,   483.5367,    85.1953,    89.0909,  1032.8021,     0.2341,   825.6820,    59.3877,     5.0000,     0.0000,          E,          0,    0.49427,     6.0000,     3.5295,
290 bandymas        , 18000.0000,   -10.0000, 21000.0000,     0.3700,   176.1934,   174.4305,   224.5450,     0.9900,    30.0000,     0.0000,     0.0000,     0.0000,     0.0000,     0.0000,     0.0451,    25.0000,     0.0000,     0.0000,    50.7270,    82.0000,   520.1932,    86.8045,    90.1929,  1143.8864,     0.2274,   844.8980,    61.0945,     5.0000,     0.0000,          E,          0,    0.48933,     6.0000,     3.4579,
290 bandymas        , 18000.0000,   -10.0000, 21000.0000,     0.4604,   219.9677,   217.9778,   279.3616,   999.0000,    30.0000,     0.0000,     0.0000,     0.0000,     0.0000,     0.0000,     0.0370,    25.0000,     0.0000,     0.0000,    79.4881,    82.0000,   764.1223,    94.9181,    96.7722,  1792.4446,     0.2132,   966.3685,    72.9971,     5.0000,     0.0000,          E,          0,    0.40486,     6.0000,     3.6337,
