                CASE,         ZP,        ISA,     WEIGHT,       MACH,        IAS,        CAS,        TAS, SPEED_CODE,       WIND,       TIME,       FUEL,       DIST,       RATE,       GRDT,         CD,         CG,      FLAPS,      LGEAR,         TQ,         NP,        WFE,         NL,         NH,        SHP,        SFC,        ITT,        PLA,         RC,     ENGOUT,    AIRCOND,      ICING,         SR,         CI,       COST,
                    ,       (FT),     (DG.C),       (KG),           ,       (KT),       (KT),       (KT),           ,       (KT),       (MN),       (KG),       (NM),    (FT/MN),      (DEG),           ,        (%),           ,           ,        (%),        (%),     (KG/H),        (%),        (%),       (HP),  (KG/H/HP),     (DG.C),      (DEG),           ,           ,           ,           ,    (NM/KG),    (KG/MN),    (KG/NM),
305 bandymas        , 23000.0000,   -10.0000, 15000.0000,     0.2682,   113.6458,   113.4395,   159.3691,   113.4395,    30.0000,     0.0000,     0.0000,     0.0000,     0.0000,     0.0000,     0.0771,    25.0000,     0.0000,     0.0000,    27.3664,    82.0000,   319.2601,    80.0450,    84.6225,   617.1070,     0.2587,   755.9717,    55.6755,     5.0000,     0.0000,          E,          0,    0.59315,     6.0000,     3.5870,
305 bandymas        , 23000.0000,   -10.0000, 15000.0000,     0.2778,   118.0000,   117.5472,   165.0775,   117.5472,    30.0000,     0.0000,     0.0000,     0.0000,     0.0000,     0.0000,     0.0707,    25.0000,     0.0000,     0.0000,    27.6636,    82.0000,   322.0512,    80.2344,    84.7820,   623.8096,     0.2581,   758.3447,    55.7953,     5.0000,     0.0000,          E,          0,    0.60573,     6.0000,     3.4963,
305 bandymas        , 23000.0000,   -10.0000, 15000.0000,     0.2888,   123.0000,   122.2642,   171.6228,   122.2642,    30.0000,     0.0000,     0.0000,     0.0000,     0.0000,     0.0000,     0.0646,    25.0000,     0.0000,     0.0000,    28.1945,    82.0000,   326.2936,    80.5014,    84.9989,   635.7811,     0.2566,   761.5736,    56.0041,     5.0000,     0.0000,          E,          0,    0.61792,     6.0000,     3.4038,
305 bandymas        , 23000.0000,   -10.0000, 15000.0000,     0.2998,   128.0000,   126.9811,   178.1604,   126.9811,    30.0000,     0.0000,     0.0000,     0.0000,     0.0000,     0.0000,     0.0597,    25.0000,     0.0000,     0.0000,    28.9997,    82.0000,   332.1179,    80.8490,    85.2641,   653.9375,     0.2539,   765.5930,    56.2781,     5.0000,     0.0000,          E,          0,    0.62677,     6.0000,     3.3249,
305 bandymas        , 23000.0000,   -10.0000, 15000.0000,     0.3109,   133.0000,   131.7647,   184.7807,   131.7647,    30.0000,     0.0000,     0.0000,     0.0000,     0.0000,     0.0000,     0.0555,    25.0000,     0.0000,     0.0000,    29.9964,    82.0000,   339.0864,    81.1793,    85.5569,   676.4151,     0.2506,   770.3171,    56.5650,     5.0000,     0.0000,          E,          0,    0.63341,     6.0000,     3.2549,
305 bandymas        , 23000.0000,   -10.0000, 15000.0000,     0.3223,   138.0000,   136.6667,   191.5557,   136.6667,    30.0000,     0.0000,     0.0000,     0.0000,     0.0000,     0.0000,     0.0519,    25.0000,     0.0000,     0.0000,    31.0194,    82.0000,   346.2274,    81.4845,    85.8360,   699.4830,     0.2475,   774.8176,    56.8515,     5.0000,     0.0000,          E,          0,    0.63991,     6.0000,     3.1876,
305 bandymas        , 23000.0000,   -10.0000, 15000.0000,     0.3337,   143.0000,   141.5686,   198.3189,   141.5686,    30.0000,     0.0000,     0.0000,     0.0000,     0.0000,     0.0000,     0.0491,    25.0000,     0.0000,     0.0000,    32.4374,    82.0000,   356.3530,    81.9513,    86.2231,   731.4571,     0.2436,   780.9977,    57.2731,     5.0000,     0.0000,          E,          0,    0.64071,     6.0000,     3.1375,
305 bandymas        , 23000.0000,   -10.0000, 15000.0000,     0.3451,   148.0000,   146.4706,   205.0717,   146.4706,    30.0000,     0.0000,     0.0000,     0.0000,     0.0000,     0.0000,     0.0468,    25.0000,     0.0000,     0.0000,    34.0347,    82.0000,   367.9764,    82.5294,    86.6845,   767.4778,     0.2397,   788.3665,    57.7485,     5.0000,     0.0000,          E,          0,    0.63882,     6.0000,     3.0968,
305 bandymas        , 23000.0000,   -10.0000, 15000.0000,     0.3565,   153.0000,   151.3907,   211.8382,   151.3907,    30.0000,     0.0000,     0.0000,     0.0000,     0.0000,     0.0000,     0.0448,    25.0000,     0.0000,     0.0000,    35.9172,    82.0000,   381.6370,    83.2685,    87.2129,   809.9271,     0.2356,   796.9647,    58.4403,     5.0000,     0.0000,          E,          0,    0.63369,     6.0000,     3.0667,
305 bandymas        , 23000.0000,   -10.0000, 15000.0000,     0.3679,   158.0000,   156.3576,   218.6581,   156.3576,    30.0000,     0.0000,     0.0000,     0.0000,     0.0000,     0.0000,     0.0431,    25.0000,     0.0000,     0.0000,    37.9282,    82.0000,   396.1542,    84.1033,    87.7684,   855.2759,     0.2316,   806.3441,    59.2790,     5.0000,     0.0000,          E,          0,    0.62768,     6.0000,     3.0409,
305 bandymas        , 23000.0000,   -10.0000, 15000.0000,     0.3794,   163.0000,   161.3245,   225.4655,   161.3245,    30.0000,     0.0000,     0.0000,     0.0000,     0.0000,     0.0000,     0.0417,    25.0000,     0.0000,     0.0000,    40.1176,    82.0000,   412.5887,    85.0450,    88.3924,   904.6445,     0.2280,   817.1051,    60.1875,     5.0000,     0.0000,          E,          0,    0.61918,     6.0000,     3.0242,
305 bandymas        , 23000.0000,   -10.0000, 15000.0000,     0.3908,   168.0000,   166.2914,   232.2615,   166.2914,    30.0000,     0.0000,     0.0000,     0.0000,     0.0000,     0.0000,     0.0406,    25.0000,     0.0000,     0.0000,    42.5196,    82.0000,   430.5694,    86.0292,    89.0682,   958.8102,     0.2245,   828.8879,    61.1805,     5.0000,     0.0000,          E,          0,    0.60910,     6.0000,     3.0144,
305 bandymas        , 23000.0000,   -10.0000, 15000.0000,     0.4022,   173.0000,   171.2583,   239.0443,   171.2583,    30.0000,     0.0000,     0.0000,     0.0000,     0.0000,     0.0000,     0.0396,    25.0000,     0.0000,     0.0000,    45.1535,    82.0000,   450.0062,    87.0760,    89.7907,  1018.2043,     0.2210,   841.3895,    62.2630,     5.0000,     0.0000,          E,          0,    0.59787,     6.0000,     3.0107,
305 bandymas        , 23000.0000,   -10.0000, 15000.0000,     0.4136,   178.0000,   176.2252,   245.8151,   176.2252,    30.0000,     0.0000,     0.0000,     0.0000,     0.0000,     0.0000,     0.0387,    25.0000,     0.0000,     0.0000,    47.9633,    82.0000,   470.5274,    88.1388,    90.5422,  1081.5637,     0.2175,   854.0694,    63.4037,     5.0000,     0.0000,          E,          0,    0.58618,     6.0000,     3.0112,
305 bandymas        , 23000.0000,   -10.0000, 15000.0000,     0.4250,   183.0000,   181.1941,   252.5757,   181.1941,    30.0000,     0.0000,     0.0000,     0.0000,     0.0000,     0.0000,     0.0380,    25.0000,     0.0000,     0.0000,    50.9870,    82.0000,   493.5082,    89.1515,    91.3674,  1149.7494,     0.2146,   868.7762,    64.6193,     5.0000,     0.0000,          E,          0,    0.57259,     6.0000,     3.0205,
305 bandymas        , 23000.0000,   -10.0000, 15000.0000,     0.4364,   188.0000,   186.1691,   259.3300,   186.1691,    30.0000,     0.0000,     0.0000,     0.0000,     0.0000,     0.0000,     0.0374,    25.0000,     0.0000,     0.0000,    54.2270,    82.0000,   520.4263,    90.2018,    92.2737,  1222.8104,     0.2128,   885.1168,    65.9077,     5.0000,     0.0000,          E,          0,    0.55595,     6.0000,     3.0430,
305 bandymas        , 23000.0000,   -10.0000, 15000.0000,     0.4477,   193.0000,   191.1443,   266.0728,   191.1443,    30.0000,     0.0000,     0.0000,     0.0000,     0.0000,     0.0000,     0.0368,    25.0000,     0.0000,     0.0000,    57.7527,    82.0000,   551.4879,    91.2809,    93.2822,  1302.3148,     0.2117,   903.5806,    67.2984,     5.0000,     0.0000,          E,          0,    0.53686,     6.0000,     3.0786,
305 bandymas        , 23000.0000,   -10.0000, 15000.0000,     0.4590,   198.0000,   196.1194,   272.8012,   196.1194,    30.0000,     0.0000,     0.0000,     0.0000,     0.0000,     0.0000,     0.0364,    25.0000,     0.0000,     0.0000,    61.4222,    82.0000,   587.6887,    92.5276,    94.3974,  1385.0615,     0.2122,   924.1851,    68.7216,     5.0000,     0.0000,          E,          0,    0.51524,     6.0000,     3.1297,
305 bandymas        , 23000.0000,   -10.0000, 15000.0000,     0.4703,   203.0000,   201.0946,   279.5154,   201.0946,    30.0000,     0.0000,     0.0000,     0.0000,     0.0000,     0.0000,     0.0360,    25.0000,     0.0000,     0.0000,    65.2822,    82.0000,   627.8569,    94.0438,    95.7288,  1472.1040,     0.2133,   949.0935,    71.6779,     5.0000,     0.0000,          E,          0,    0.49297,     6.0000,     3.1916,
305 bandymas        , 23000.0000,   -10.0000, 15000.0000,     0.4748,   204.9742,   203.0589,   282.1625,   203.0589,    30.0000,     0.0000,     0.0000,     0.0000,     0.0000,     0.0000,     0.0358,    25.0000,     0.0000,     0.0000,    66.8449,    82.0000,   644.8308,    94.6647,    96.3192,  1507.3412,     0.2139,   960.1216,    72.9949,     5.0000,     0.0000,          E,          0,    0.48410,     6.0000,     3.2189,
305 bandymas        , 23000.0000,   -10.0000, 15000.0000,     0.3290,   140.9226,   139.5320,   195.5099,     1.0000,    30.0000,     0.0000,     0.0000,     0.0000,     0.0000,     0.0000,     0.0502,    25.0000,     0.0000,     0.0000,    31.8231,    82.0000,   351.8936,    81.7260,    86.0413,   717.6049,     0.2452,   778.0878,    57.0901,     5.0000,     0.0000,          E,          0,    0.64085,     6.0000,     3.1568,
305 bandymas        , 23000.0000,   -10.0000, 15000.0000,     0.3550,   152.3829,   150.7777,   210.9961,     0.9900,    30.0000,     0.0000,     0.0000,     0.0000,     0.0000,     0.0000,     0.0450,    25.0000,     0.0000,     0.0000,    35.6706,    82.0000,   379.8551,    83.1649,    87.1441,   804.3673,     0.2361,   795.8199,    58.3363,     5.0000,     0.0000,          E,          0,    0.63444,     6.0000,     3.0700,
305 bandymas        , 23000.0000,   -10.0000, 15000.0000,     0.4748,   204.9741,   203.0588,   282.1632,   999.0000,    30.0000,     0.0000,     0.0000,     0.0000,     0.0000,     0.0000,     0.0358,    25.0000,     0.0000,     0.0000,    66.8453,    82.0000,   644.8352,    94.6648,    96.3193,  1507.3505,     0.2139,   960.1242,    72.9953,     5.0000,     0.0000,          E,          0,    0.48410,     6.0000,     3.2189,
