                CASE,         ZP,        ISA,     WEIGHT,       MACH,        IAS,        CAS,        TAS, SPEED_CODE,       WIND,       TIME,       FUEL,       DIST,       RATE,       GRDT,         CD,         CG,      FLAPS,      LGEAR,         TQ,         NP,        WFE,         NL,         NH,        SHP,        SFC,        ITT,        PLA,         RC,     ENGOUT,    AIRCOND,      ICING,         SR,         CI,       COST,
                    ,       (FT),     (DG.C),       (KG),           ,       (KT),       (KT),       (KT),           ,       (KT),       (MN),       (KG),       (NM),    (FT/MN),      (DEG),           ,        (%),           ,           ,        (%),        (%),     (KG/H),        (%),        (%),       (HP),  (KG/H/HP),     (DG.C),      (DEG),           ,           ,           ,           ,    (NM/KG),    (KG/MN),    (KG/NM),
329 bandymas        , 23000.0000,    10.0000, 16500.0000,     0.2812,   119.5635,   119.0222,   174.1623,   119.0222,    15.0000,     0.0000,     0.0000,     0.0000,     0.0000,     0.0000,     0.0776,    25.0000,     0.0000,     0.0000,    32.6156,    82.0000,   366.1901,    85.3825,    89.5454,   735.4768,     0.2489,   831.3387,    59.0093,     5.0000,     0.0000,          E,          0,    0.51657,     6.0000,     3.8390,
329 bandymas        , 23000.0000,    10.0000, 16500.0000,     0.2910,   124.0000,   123.2076,   180.2134,   123.2076,    15.0000,     0.0000,     0.0000,     0.0000,     0.0000,     0.0000,     0.0714,    25.0000,     0.0000,     0.0000,    33.1088,    82.0000,   369.9028,    85.5740,    89.7049,   746.5991,     0.2477,   833.8068,    59.3167,     5.0000,     0.0000,          E,          0,    0.52774,     6.0000,     3.7390,
329 bandymas        , 23000.0000,    10.0000, 16500.0000,     0.3020,   129.0000,   127.9245,   187.0238,   127.9245,    15.0000,     0.0000,     0.0000,     0.0000,     0.0000,     0.0000,     0.0655,    25.0000,     0.0000,     0.0000,    33.8214,    82.0000,   374.9305,    85.8251,    89.9169,   762.6681,     0.2458,   837.1560,    59.6553,     5.0000,     0.0000,          E,          0,    0.53883,     6.0000,     3.6378,
329 bandymas        , 23000.0000,    10.0000, 16500.0000,     0.3132,   134.0000,   132.7451,   193.9757,   132.7451,    15.0000,     0.0000,     0.0000,     0.0000,     0.0000,     0.0000,     0.0606,    25.0000,     0.0000,     0.0000,    34.6871,    82.0000,   381.2418,    86.0877,    90.1685,   782.1877,     0.2437,   841.4775,    60.0099,     5.0000,     0.0000,          E,          0,    0.54814,     6.0000,     3.5470,
329 bandymas        , 23000.0000,    10.0000, 16500.0000,     0.3246,   139.0000,   137.6470,   201.0324,   137.6470,    15.0000,     0.0000,     0.0000,     0.0000,     0.0000,     0.0000,     0.0564,    25.0000,     0.0000,     0.0000,    35.8183,    82.0000,   389.6348,    86.4600,    90.4932,   807.6974,     0.2412,   847.0167,    60.5019,     5.0000,     0.0000,          E,          0,    0.55445,     6.0000,     3.4700,
329 bandymas        , 23000.0000,    10.0000, 16500.0000,     0.3360,   144.0000,   142.5490,   208.0783,   142.5490,    15.0000,     0.0000,     0.0000,     0.0000,     0.0000,     0.0000,     0.0529,    25.0000,     0.0000,     0.0000,    37.1535,    82.0000,   399.6338,    86.9474,    90.8674,   837.8051,     0.2385,   853.5192,    61.0958,     5.0000,     0.0000,          E,          0,    0.55821,     6.0000,     3.4052,
329 bandymas        , 23000.0000,    10.0000, 16500.0000,     0.3473,   149.0000,   147.4510,   215.1134,   147.4510,    15.0000,     0.0000,     0.0000,     0.0000,     0.0000,     0.0000,     0.0501,    25.0000,     0.0000,     0.0000,    38.7896,    82.0000,   411.9737,    87.5566,    91.3137,   874.6982,     0.2355,   861.2054,    61.8429,     5.0000,     0.0000,          E,          0,    0.55856,     6.0000,     3.3548,
329 bandymas        , 23000.0000,    10.0000, 16500.0000,     0.3588,   154.0000,   152.3841,   222.1809,   152.3841,    15.0000,     0.0000,     0.0000,     0.0000,     0.0000,     0.0000,     0.0478,    25.0000,     0.0000,     0.0000,    40.5985,    82.0000,   426.0146,    88.3052,    91.8250,   915.4902,     0.2327,   870.3193,    62.6677,     5.0000,     0.0000,          E,          0,    0.55674,     6.0000,     3.3140,
329 bandymas        , 23000.0000,    10.0000, 16500.0000,     0.3702,   159.0000,   157.3510,   229.2858,   157.3510,    15.0000,     0.0000,     0.0000,     0.0000,     0.0000,     0.0000,     0.0458,    25.0000,     0.0000,     0.0000,    42.6660,    82.0000,   442.1687,    89.1748,    92.4117,   962.1104,     0.2298,   881.0288,    63.6143,     5.0000,     0.0000,          E,          0,    0.55247,     6.0000,     3.2837,
329 bandymas        , 23000.0000,    10.0000, 16500.0000,     0.3817,   164.0000,   162.3179,   236.3774,   162.3179,    15.0000,     0.0000,     0.0000,     0.0000,     0.0000,     0.0000,     0.0441,    25.0000,     0.0000,     0.0000,    44.9774,    82.0000,   460.2522,    90.0930,    93.0609,  1014.2324,     0.2269,   893.0143,    64.6725,     5.0000,     0.0000,          E,          0,    0.54617,     6.0000,     3.2630,
329 bandymas        , 23000.0000,    10.0000, 16500.0000,     0.3931,   169.0000,   167.2848,   243.4563,   167.2848,    15.0000,     0.0000,     0.0000,     0.0000,     0.0000,     0.0000,     0.0426,    25.0000,     0.0000,     0.0000,    47.4351,    82.0000,   479.3225,    91.0487,    93.7346,  1069.6531,     0.2241,   905.5782,    65.7863,     5.0000,     0.0000,          E,          0,    0.53921,     6.0000,     3.2474,
329 bandymas        , 23000.0000,    10.0000, 16500.0000,     0.4045,   174.0000,   172.2516,   250.5231,   172.2516,    15.0000,     0.0000,     0.0000,     0.0000,     0.0000,     0.0000,     0.0414,    25.0000,     0.0000,     0.0000,    50.0953,    82.0000,   500.0011,    91.9857,    94.4628,  1129.6407,     0.2213,   919.4818,    66.9834,     5.0000,     0.0000,          E,          0,    0.53105,     6.0000,     3.2389,
329 bandymas        , 23000.0000,    10.0000, 16500.0000,     0.4159,   179.0000,   177.2185,   257.5750,   177.2185,    15.0000,     0.0000,     0.0000,     0.0000,     0.0000,     0.0000,     0.0404,    25.0000,     0.0000,     0.0000,    53.0006,    82.0000,   523.3950,    92.9582,    95.2567,  1195.1547,     0.2190,   934.4572,    68.2836,     5.0000,     0.0000,          E,          0,    0.52078,     6.0000,     3.2409,
329 bandymas        , 23000.0000,    10.0000, 16500.0000,     0.4273,   184.0000,   182.1891,   264.6198,   182.1891,    15.0000,     0.0000,     0.0000,     0.0000,     0.0000,     0.0000,     0.0395,    25.0000,     0.0000,     0.0000,    56.1543,    82.0000,   550.9080,    93.9755,    96.1415,  1266.2715,     0.2175,   951.3622,    70.5315,     5.0000,     0.0000,          E,          0,    0.50756,     6.0000,     3.2577,
329 bandymas        , 23000.0000,    10.0000, 16500.0000,     0.4354,   187.5917,   185.7629,   269.6764,   185.7629,    15.0000,     0.0000,     0.0000,     0.0000,     0.0000,     0.0000,     0.0389,    25.0000,     0.0000,     0.0000,    58.6411,    82.0000,   572.6650,    94.7094,    96.8317,  1322.3466,     0.2165,   964.7182,    72.9984,     5.0000,     0.0000,          E,          0,    0.49711,     6.0000,     3.2762,
329 bandymas        , 23000.0000,    10.0000, 16500.0000,     0.3391,   145.3817,   143.9036,   210.0240,     1.0000,    15.0000,     0.0000,     0.0000,     0.0000,     0.0000,     0.0000,     0.0520,    25.0000,     0.0000,     0.0000,    37.5574,    82.0000,   402.6686,    87.0953,    90.9781,   846.9145,     0.2377,   855.4369,    61.2770,     5.0000,     0.0000,          E,          0,    0.55883,     6.0000,     3.3893,
329 bandymas        , 23000.0000,    10.0000, 16500.0000,     0.3686,   158.2975,   156.6532,   228.2885,     0.9900,    15.0000,     0.0000,     0.0000,     0.0000,     0.0000,     0.0000,     0.0461,    25.0000,     0.0000,     0.0000,    42.3567,    82.0000,   439.7497,    89.0487,    92.3242,   955.1370,     0.2302,   879.4260,    63.4723,     5.0000,     0.0000,          E,          0,    0.55324,     6.0000,     3.2872,
329 bandymas        , 23000.0000,    10.0000, 16500.0000,     0.4354,   187.5917,   185.7628,   269.6766,   999.0000,    15.0000,     0.0000,     0.0000,     0.0000,     0.0000,     0.0000,     0.0389,    25.0000,     0.0000,     0.0000,    58.6411,    82.0000,   572.6656,    94.7094,    96.8317,  1322.3486,     0.2165,   964.7185,    72.9985,     5.0000,     0.0000,          E,          0,    0.49711,     6.0000,     3.2762,
