                CASE,         ZP,        ISA,     WEIGHT,       MACH,        IAS,        CAS,        TAS, SPEED_CODE,       WIND,       TIME,       FUEL,       DIST,       RATE,       GRDT,         CD,         CG,      FLAPS,      LGEAR,         TQ,         NP,        WFE,         NL,         NH,        SHP,        SFC,        ITT,        PLA,         RC,     ENGOUT,    AIRCOND,      ICING,         SR,         CI,       COST,
                    ,       (FT),     (DG.C),       (KG),           ,       (KT),       (KT),       (KT),           ,       (KT),       (MN),       (KG),       (NM),    (FT/MN),      (DEG),           ,        (%),           ,           ,        (%),        (%),     (KG/H),        (%),        (%),       (HP),  (KG/H/HP),     (DG.C),      (DEG),           ,           ,           ,           ,    (NM/KG),    (KG/MN),    (KG/NM),
332 bandymas        , 23000.0000,   -10.0000, 18000.0000,     0.2937,   125.2235,   124.3618,   174.5315,   124.3618,   -30.0000,     0.0000,     0.0000,     0.0000,     0.0000,     0.0000,     0.0766,    25.0000,     0.0000,     0.0000,    35.0413,    82.0000,   377.2866,    83.7565,    87.1396,   790.1757,     0.2387,   795.3154,    58.7817,     5.0000,     0.0000,          E,          0,    0.38308,     6.0000,     5.1012,
332 bandymas        , 23000.0000,   -10.0000, 18000.0000,     0.3042,   130.0000,   128.8680,   180.7726,   128.8680,   -30.0000,     0.0000,     0.0000,     0.0000,     0.0000,     0.0000,     0.0702,    25.0000,     0.0000,     0.0000,    35.5554,    82.0000,   380.4943,    83.9003,    87.2754,   801.7682,     0.2373,   797.3799,    58.9425,     5.0000,     0.0000,          E,          0,    0.39625,     6.0000,     4.9113,
332 bandymas        , 23000.0000,   -10.0000, 18000.0000,     0.3155,   135.0000,   133.7255,   187.4921,   133.7255,   -30.0000,     0.0000,     0.0000,     0.0000,     0.0000,     0.0000,     0.0644,    25.0000,     0.0000,     0.0000,    36.2531,    82.0000,   385.3229,    84.0769,    87.4532,   817.5005,     0.2357,   800.3559,    59.1604,     5.0000,     0.0000,          E,          0,    0.40873,     6.0000,     4.7324,
332 bandymas        , 23000.0000,   -10.0000, 18000.0000,     0.3269,   140.0000,   138.6274,   194.2614,   138.6274,   -30.0000,     0.0000,     0.0000,     0.0000,     0.0000,     0.0000,     0.0597,    25.0000,     0.0000,     0.0000,    37.1182,    82.0000,   391.4164,    84.3241,    87.6755,   837.0085,     0.2338,   804.0242,    59.4540,     5.0000,     0.0000,          E,          0,    0.41966,     6.0000,     4.5745,
332 bandymas        , 23000.0000,   -10.0000, 18000.0000,     0.3383,   145.0000,   143.5294,   201.0216,   143.5294,   -30.0000,     0.0000,     0.0000,     0.0000,     0.0000,     0.0000,     0.0557,    25.0000,     0.0000,     0.0000,    38.2068,    82.0000,   399.4810,    84.6816,    87.9659,   861.5583,     0.2318,   808.7582,    59.8511,     5.0000,     0.0000,          E,          0,    0.42811,     6.0000,     4.4408,
332 bandymas        , 23000.0000,   -10.0000, 18000.0000,     0.3496,   150.0000,   148.4314,   207.7696,   148.4314,   -30.0000,     0.0000,     0.0000,     0.0000,     0.0000,     0.0000,     0.0522,    25.0000,     0.0000,     0.0000,    39.5047,    82.0000,   409.1637,    85.1366,    88.3169,   890.8245,     0.2297,   814.4158,    60.3422,     5.0000,     0.0000,          E,          0,    0.43447,     6.0000,     4.3267,
332 bandymas        , 23000.0000,   -10.0000, 18000.0000,     0.3611,   155.0000,   153.3775,   214.5682,   153.3775,   -30.0000,     0.0000,     0.0000,     0.0000,     0.0000,     0.0000,     0.0494,    25.0000,     0.0000,     0.0000,    41.0997,    82.0000,   420.9566,    85.7664,    88.7629,   926.7916,     0.2271,   822.2071,    60.9674,     5.0000,     0.0000,          E,          0,    0.43845,     6.0000,     4.2313,
332 bandymas        , 23000.0000,   -10.0000, 18000.0000,     0.3725,   160.0000,   158.3444,   221.3835,   158.3444,   -30.0000,     0.0000,     0.0000,     0.0000,     0.0000,     0.0000,     0.0472,    25.0000,     0.0000,     0.0000,    42.8977,    82.0000,   434.2563,    86.4577,    89.2624,   967.3368,     0.2245,   831.0215,    61.6773,     5.0000,     0.0000,          E,          0,    0.44072,     6.0000,     4.1501,
332 bandymas        , 23000.0000,   -10.0000, 18000.0000,     0.3840,   165.0000,   163.3112,   228.1852,   163.3112,   -30.0000,     0.0000,     0.0000,     0.0000,     0.0000,     0.0000,     0.0452,    25.0000,     0.0000,     0.0000,    44.9264,    82.0000,   449.2189,    87.2319,    89.8159,  1013.0839,     0.2217,   840.8248,    62.4838,     5.0000,     0.0000,          E,          0,    0.44118,     6.0000,     4.0831,
332 bandymas        , 23000.0000,   -10.0000, 18000.0000,     0.3954,   170.0000,   168.2781,   234.9755,   168.2781,   -30.0000,     0.0000,     0.0000,     0.0000,     0.0000,     0.0000,     0.0436,    25.0000,     0.0000,     0.0000,    47.2002,    82.0000,   466.0873,    88.0478,    90.4428,  1064.3561,     0.2190,   852.3225,    63.3911,     5.0000,     0.0000,          E,          0,    0.43978,     6.0000,     4.0302,
332 bandymas        , 23000.0000,   -10.0000, 18000.0000,     0.4068,   175.0000,   173.2450,   241.7545,   173.2450,   -30.0000,     0.0000,     0.0000,     0.0000,     0.0000,     0.0000,     0.0422,    25.0000,     0.0000,     0.0000,    49.6723,    82.0000,   484.2463,    88.8378,    91.1103,  1120.1017,     0.2162,   864.5950,    64.3690,     5.0000,     0.0000,          E,          0,    0.43729,     6.0000,     3.9869,
332 bandymas        , 23000.0000,   -10.0000, 18000.0000,     0.4182,   180.0000,   178.2119,   248.5196,   178.2119,   -30.0000,     0.0000,     0.0000,     0.0000,     0.0000,     0.0000,     0.0410,    25.0000,     0.0000,     0.0000,    52.3714,    82.0000,   506.4139,    89.7548,    91.8668,  1180.9677,     0.2144,   878.0959,    65.4313,     5.0000,     0.0000,          E,          0,    0.43150,     6.0000,     3.9649,
332 bandymas        , 23000.0000,   -10.0000, 18000.0000,     0.4296,   185.0000,   183.1841,   255.2787,   183.1841,   -30.0000,     0.0000,     0.0000,     0.0000,     0.0000,     0.0000,     0.0400,    25.0000,     0.0000,     0.0000,    55.3618,    82.0000,   531.1236,    90.6425,    92.6968,  1248.4006,     0.2127,   893.2183,    66.6054,     5.0000,     0.0000,          E,          0,    0.42415,     6.0000,     3.9556,
332 bandymas        , 23000.0000,   -10.0000, 18000.0000,     0.4409,   190.0000,   188.1592,   262.0293,   188.1592,   -30.0000,     0.0000,     0.0000,     0.0000,     0.0000,     0.0000,     0.0391,    25.0000,     0.0000,     0.0000,    58.5748,    82.0000,   561.4258,    91.6649,    93.6523,  1320.8513,     0.2125,   910.7228,    67.8549,     5.0000,     0.0000,          E,          0,    0.41329,     6.0000,     3.9712,
332 bandymas        , 23000.0000,   -10.0000, 18000.0000,     0.4522,   195.0000,   193.1344,   268.7654,   193.1344,   -30.0000,     0.0000,     0.0000,     0.0000,     0.0000,     0.0000,     0.0384,    25.0000,     0.0000,     0.0000,    62.1279,    82.0000,   596.5247,    92.9132,    94.7344,  1400.9753,     0.2129,   930.7312,    69.5204,     5.0000,     0.0000,          E,          0,    0.40026,     6.0000,     4.0061,
332 bandymas        , 23000.0000,   -10.0000, 18000.0000,     0.4636,   200.0000,   198.1095,   275.4888,   198.1095,   -30.0000,     0.0000,     0.0000,     0.0000,     0.0000,     0.0000,     0.0378,    25.0000,     0.0000,     0.0000,    65.7691,    82.0000,   635.2502,    94.4179,    96.0642,  1483.0815,     0.2142,   955.6325,    72.6171,     5.0000,     0.0000,          E,          0,    0.38644,     6.0000,     4.0542,
332 bandymas        , 23000.0000,   -10.0000, 18000.0000,     0.4649,   200.6072,   198.7136,   276.3041,   198.7136,   -30.0000,     0.0000,     0.0000,     0.0000,     0.0000,     0.0000,     0.0378,    25.0000,     0.0000,     0.0000,    66.2197,    82.0000,   640.1216,    94.5848,    96.2336,  1493.2428,     0.2143,   958.7789,    72.9958,     5.0000,     0.0000,          E,          0,    0.38478,     6.0000,     4.0605,
332 bandymas        , 23000.0000,   -10.0000, 18000.0000,     0.3794,   163.0249,   161.3492,   225.5002,     1.0000,   -30.0000,     0.0000,     0.0000,     0.0000,     0.0000,     0.0000,     0.0460,    25.0000,     0.0000,     0.0000,    44.0878,    82.0000,   443.0521,    86.9122,    89.5882,   994.1718,     0.2228,   836.7904,    62.1491,     5.0000,     0.0000,          E,          0,    0.44126,     6.0000,     4.1077,
332 bandymas        , 23000.0000,   -10.0000, 18000.0000,     0.4081,   175.5730,   173.8142,   242.5303,     0.9900,   -30.0000,     0.0000,     0.0000,     0.0000,     0.0000,     0.0000,     0.0420,    25.0000,     0.0000,     0.0000,    49.9620,    82.0000,   486.5114,    88.9351,    91.1898,  1126.6340,     0.2159,   866.0076,    64.4826,     5.0000,     0.0000,          E,          0,    0.43685,     6.0000,     3.9830,
332 bandymas        , 23000.0000,   -10.0000, 18000.0000,     0.4649,   200.6071,   198.7136,   276.3036,   999.0000,   -30.0000,     0.0000,     0.0000,     0.0000,     0.0000,     0.0000,     0.0378,    25.0000,     0.0000,     0.0000,    66.2194,    82.0000,   640.1185,    94.5847,    96.2335,  1493.2362,     0.2143,   958.7769,    72.9954,     5.0000,     0.0000,          E,          0,    0.38478,     6.0000,     4.0605,
