                CASE,         ZP,        ISA,     WEIGHT,       MACH,        IAS,        CAS,        TAS, SPEED_CODE,       WIND,       TIME,       FUEL,       DIST,       RATE,       GRDT,         CD,         CG,      FLAPS,      LGEAR,         TQ,         NP,        WFE,         NL,         NH,        SHP,        SFC,        ITT,        PLA,         RC,     ENGOUT,    AIRCOND,      ICING,         SR,         CI,       COST,
                    ,       (FT),     (DG.C),       (KG),           ,       (KT),       (KT),       (KT),           ,       (KT),       (MN),       (KG),       (NM),    (FT/MN),      (DEG),           ,        (%),           ,           ,        (%),        (%),     (KG/H),        (%),        (%),       (HP),  (KG/H/HP),     (DG.C),      (DEG),           ,           ,           ,           ,    (NM/KG),    (KG/MN),    (KG/NM),
337 bandymas        , 23000.0000,     0.0000, 18000.0000,     0.2937,   125.2235,   124.3618,   178.2441,   124.3618,   -30.0000,     0.0000,     0.0000,     0.0000,     0.0000,     0.0000,     0.0769,    25.0000,     0.0000,     0.0000,    36.0108,    82.0000,   388.6911,    85.6577,    89.0654,   812.0370,     0.2393,   825.1917,    60.0622,     5.0000,     0.0000,          E,          0,    0.38139,     6.0000,     5.0504,
337 bandymas        , 23000.0000,     0.0000, 18000.0000,     0.3042,   130.0000,   128.8680,   184.6180,   128.8680,   -30.0000,     0.0000,     0.0000,     0.0000,     0.0000,     0.0000,     0.0706,    25.0000,     0.0000,     0.0000,    36.5764,    82.0000,   392.3308,    85.8253,    89.2165,   824.7928,     0.2378,   827.5584,    60.2612,     5.0000,     0.0000,          E,          0,    0.39410,     6.0000,     4.8657,
337 bandymas        , 23000.0000,     0.0000, 18000.0000,     0.3155,   135.0000,   133.7255,   191.4803,   133.7255,   -30.0000,     0.0000,     0.0000,     0.0000,     0.0000,     0.0000,     0.0648,    25.0000,     0.0000,     0.0000,    37.2052,    82.0000,   396.7250,    85.9592,    89.3701,   838.9720,     0.2364,   830.2044,    60.4543,     5.0000,     0.0000,          E,          0,    0.40703,     6.0000,     4.6862,
337 bandymas        , 23000.0000,     0.0000, 18000.0000,     0.3269,   140.0000,   138.6274,   198.3936,   138.6274,   -30.0000,     0.0000,     0.0000,     0.0000,     0.0000,     0.0000,     0.0600,    25.0000,     0.0000,     0.0000,    38.1461,    82.0000,   403.6011,    86.2415,    89.6153,   860.1893,     0.2346,   834.3545,    60.8045,     5.0000,     0.0000,          E,          0,    0.41723,     6.0000,     4.5346,
337 bandymas        , 23000.0000,     0.0000, 18000.0000,     0.3383,   145.0000,   143.5294,   205.2977,   143.5294,   -30.0000,     0.0000,     0.0000,     0.0000,     0.0000,     0.0000,     0.0560,    25.0000,     0.0000,     0.0000,    39.3061,    82.0000,   412.3939,    86.6303,    89.9263,   886.3461,     0.2326,   839.5616,    61.2600,     5.0000,     0.0000,          E,          0,    0.42507,     6.0000,     4.4062,
337 bandymas        , 23000.0000,     0.0000, 18000.0000,     0.3496,   150.0000,   148.4314,   212.1891,   148.4314,   -30.0000,     0.0000,     0.0000,     0.0000,     0.0000,     0.0000,     0.0526,    25.0000,     0.0000,     0.0000,    40.6873,    82.0000,   422.9431,    87.1222,    90.3015,   917.4918,     0.2305,   845.7747,    61.8192,     5.0000,     0.0000,          E,          0,    0.43077,     6.0000,     4.2974,
337 bandymas        , 23000.0000,     0.0000, 18000.0000,     0.3611,   155.0000,   153.3775,   219.1324,   153.3775,   -30.0000,     0.0000,     0.0000,     0.0000,     0.0000,     0.0000,     0.0498,    25.0000,     0.0000,     0.0000,    42.2738,    82.0000,   434.9309,    87.7325,    90.7430,   953.2676,     0.2281,   853.7536,    62.4691,     5.0000,     0.0000,          E,          0,    0.43486,     6.0000,     4.2030,
337 bandymas        , 23000.0000,     0.0000, 18000.0000,     0.3725,   160.0000,   158.3444,   226.0927,   158.3444,   -30.0000,     0.0000,     0.0000,     0.0000,     0.0000,     0.0000,     0.0475,    25.0000,     0.0000,     0.0000,    44.1312,    82.0000,   449.0117,    88.4472,    91.2587,   995.1509,     0.2256,   863.1182,    63.2417,     5.0000,     0.0000,          E,          0,    0.43672,     6.0000,     4.1257,
337 bandymas        , 23000.0000,     0.0000, 18000.0000,     0.3840,   165.0000,   163.3112,   233.0391,   163.3112,   -30.0000,     0.0000,     0.0000,     0.0000,     0.0000,     0.0000,     0.0456,    25.0000,     0.0000,     0.0000,    46.2616,    82.0000,   465.1320,    89.2610,    91.8389,  1043.1906,     0.2229,   873.6857,    64.1352,     5.0000,     0.0000,          E,          0,    0.43652,     6.0000,     4.0639,
337 bandymas        , 23000.0000,     0.0000, 18000.0000,     0.3954,   170.0000,   168.2781,   239.9738,   168.2781,   -30.0000,     0.0000,     0.0000,     0.0000,     0.0000,     0.0000,     0.0439,    25.0000,     0.0000,     0.0000,    48.6720,    82.0000,   483.5562,    90.0934,    92.5083,  1097.5448,     0.2203,   886.5123,    65.1502,     5.0000,     0.0000,          E,          0,    0.43423,     6.0000,     4.0174,
337 bandymas        , 23000.0000,     0.0000, 18000.0000,     0.4068,   175.0000,   173.2450,   246.8970,   173.2450,   -30.0000,     0.0000,     0.0000,     0.0000,     0.0000,     0.0000,     0.0425,    25.0000,     0.0000,     0.0000,    51.1200,    82.0000,   502.2726,    90.8786,    93.1717,  1152.7483,     0.2179,   899.0769,    66.1628,     5.0000,     0.0000,          E,          0,    0.43183,     6.0000,     3.9755,
337 bandymas        , 23000.0000,     0.0000, 18000.0000,     0.4182,   180.0000,   178.2119,   253.8060,   178.2119,   -30.0000,     0.0000,     0.0000,     0.0000,     0.0000,     0.0000,     0.0413,    25.0000,     0.0000,     0.0000,    53.8576,    82.0000,   525.4476,    91.7971,    93.9389,  1214.4800,     0.2163,   913.2064,    67.2964,     5.0000,     0.0000,          E,          0,    0.42593,     6.0000,     3.9563,
337 bandymas        , 23000.0000,     0.0000, 18000.0000,     0.4296,   185.0000,   183.1841,   260.7088,   183.1841,   -30.0000,     0.0000,     0.0000,     0.0000,     0.0000,     0.0000,     0.0403,    25.0000,     0.0000,     0.0000,    56.9373,    82.0000,   551.5969,    92.7017,    94.7932,  1283.9264,     0.2148,   929.2606,    68.5728,     5.0000,     0.0000,          E,          0,    0.41826,     6.0000,     3.9513,
337 bandymas        , 23000.0000,     0.0000, 18000.0000,     0.4409,   190.0000,   188.1592,   267.6030,   188.1592,   -30.0000,     0.0000,     0.0000,     0.0000,     0.0000,     0.0000,     0.0394,    25.0000,     0.0000,     0.0000,    60.2767,    82.0000,   584.6733,    93.7931,    95.8030,  1359.2294,     0.2151,   948.3412,    71.1267,     5.0000,     0.0000,          E,          0,    0.40639,     6.0000,     3.9758,
337 bandymas        , 23000.0000,     0.0000, 18000.0000,     0.4477,   192.9732,   191.1176,   271.6954,   191.1176,   -30.0000,     0.0000,     0.0000,     0.0000,     0.0000,     0.0000,     0.0389,    25.0000,     0.0000,     0.0000,    62.3305,    82.0000,   605.4333,    94.5162,    96.4263,  1405.5431,     0.2154,   960.1860,    72.9986,     5.0000,     0.0000,          E,          0,    0.39921,     6.0000,     3.9944,
337 bandymas        , 23000.0000,     0.0000, 18000.0000,     0.3788,   162.7579,   161.0840,   229.9251,     1.0000,   -30.0000,     0.0000,     0.0000,     0.0000,     0.0000,     0.0000,     0.0464,    25.0000,     0.0000,     0.0000,    45.2560,    82.0000,   457.5420,    88.8754,    91.5653,  1020.5162,     0.2242,   868.7039,    63.7114,     5.0000,     0.0000,          E,          0,    0.43695,     6.0000,     4.0892,
337 bandymas        , 23000.0000,     0.0000, 18000.0000,     0.4044,   173.9546,   172.2065,   245.4501,     0.9900,   -30.0000,     0.0000,     0.0000,     0.0000,     0.0000,     0.0000,     0.0428,    25.0000,     0.0000,     0.0000,    50.5970,    82.0000,   498.0522,    90.7028,    93.0281,  1140.9539,     0.2183,   896.4496,    65.9475,     5.0000,     0.0000,          E,          0,    0.43259,     6.0000,     3.9826,
337 bandymas        , 23000.0000,     0.0000, 18000.0000,     0.4477,   192.9732,   191.1176,   271.6951,   999.0000,   -30.0000,     0.0000,     0.0000,     0.0000,     0.0000,     0.0000,     0.0389,    25.0000,     0.0000,     0.0000,    62.3303,    82.0000,   605.4308,    94.5161,    96.4262,  1405.5376,     0.2154,   960.1846,    72.9983,     5.0000,     0.0000,          E,          0,    0.39921,     6.0000,     3.9944,
