                CASE,         ZP,        ISA,     WEIGHT,       MACH,        IAS,        CAS,        TAS, SPEED_CODE,       WIND,       TIME,       FUEL,       DIST,       RATE,       GRDT,         CD,         CG,      FLAPS,      LGEAR,         TQ,         NP,        WFE,         NL,         NH,        SHP,        SFC,        ITT,        PLA,         RC,     ENGOUT,    AIRCOND,      ICING,         SR,         CI,       COST,
                    ,       (FT),     (DG.C),       (KG),           ,       (KT),       (KT),       (KT),           ,       (KT),       (MN),       (KG),       (NM),    (FT/MN),      (DEG),           ,        (%),           ,           ,        (%),        (%),     (KG/H),        (%),        (%),       (HP),  (KG/H/HP),     (DG.C),      (DEG),           ,           ,           ,           ,    (NM/KG),    (KG/MN),    (KG/NM),
357 bandymas        , 23000.0000,    10.0000, 19500.0000,     0.3056,   130.6578,   129.4885,   189.2801,   129.4885,   -30.0000,     0.0000,     0.0000,     0.0000,     0.0000,     0.0000,     0.0771,    25.0000,     0.0000,     0.0000,    41.4785,    82.0000,   435.4894,    89.7058,    92.3528,   935.3334,     0.2328,   879.0530,    63.9776,     5.0000,     0.0000,          E,          0,    0.36575,     6.0000,     4.9943,
357 bandymas        , 23000.0000,    10.0000, 19500.0000,     0.3155,   135.0000,   133.7255,   195.3872,   133.7255,   -30.0000,     0.0000,     0.0000,     0.0000,     0.0000,     0.0000,     0.0713,    25.0000,     0.0000,     0.0000,    41.8907,    82.0000,   438.4064,    89.7250,    92.4331,   944.6282,     0.2321,   880.3884,    64.0661,     5.0000,     0.0000,          E,          0,    0.37725,     6.0000,     4.8275,
357 bandymas        , 23000.0000,    10.0000, 19500.0000,     0.3269,   140.0000,   138.6274,   202.4415,   138.6274,   -30.0000,     0.0000,     0.0000,     0.0000,     0.0000,     0.0000,     0.0656,    25.0000,     0.0000,     0.0000,    42.6201,    82.0000,   443.8440,    89.8656,    92.6037,   961.0773,     0.2309,   883.2742,    64.3033,     5.0000,     0.0000,          E,          0,    0.38852,     6.0000,     4.6615,
357 bandymas        , 23000.0000,    10.0000, 19500.0000,     0.3383,   145.0000,   143.5294,   209.4864,   143.5294,   -30.0000,     0.0000,     0.0000,     0.0000,     0.0000,     0.0000,     0.0609,    25.0000,     0.0000,     0.0000,    43.7021,    82.0000,   452.1518,    90.1706,    92.8817,   985.4747,     0.2294,   887.9816,    64.7276,     5.0000,     0.0000,          E,          0,    0.39696,     6.0000,     4.5249,
357 bandymas        , 23000.0000,    10.0000, 19500.0000,     0.3496,   150.0000,   148.4314,   216.5185,   148.4314,   -30.0000,     0.0000,     0.0000,     0.0000,     0.0000,     0.0000,     0.0569,    25.0000,     0.0000,     0.0000,    44.9484,    82.0000,   461.8395,    90.5446,    93.2043,  1013.5784,     0.2278,   893.4061,    65.2305,     5.0000,     0.0000,          E,          0,    0.40386,     6.0000,     4.4062,
357 bandymas        , 23000.0000,    10.0000, 19500.0000,     0.3611,   155.0000,   153.3775,   223.6035,   153.3775,   -30.0000,     0.0000,     0.0000,     0.0000,     0.0000,     0.0000,     0.0535,    25.0000,     0.0000,     0.0000,    46.3372,    82.0000,   472.5115,    91.0231,    93.5677,  1044.8959,     0.2261,   900.4078,    65.7959,     5.0000,     0.0000,          E,          0,    0.40973,     6.0000,     4.3001,
357 bandymas        , 23000.0000,    10.0000, 19500.0000,     0.3725,   160.0000,   158.3444,   230.7057,   158.3444,   -30.0000,     0.0000,     0.0000,     0.0000,     0.0000,     0.0000,     0.0506,    25.0000,     0.0000,     0.0000,    48.0627,    82.0000,   485.9361,    91.6257,    94.0346,  1083.8070,     0.2242,   909.5026,    66.5292,     5.0000,     0.0000,          E,          0,    0.41303,     6.0000,     4.2148,
357 bandymas        , 23000.0000,    10.0000, 19500.0000,     0.3840,   165.0000,   163.3112,   237.7939,   163.3112,   -30.0000,     0.0000,     0.0000,     0.0000,     0.0000,     0.0000,     0.0483,    25.0000,     0.0000,     0.0000,    50.1863,    82.0000,   502.5320,    92.2669,    94.6202,  1131.6929,     0.2220,   921.4962,    67.4600,     5.0000,     0.0000,          E,          0,    0.41349,     6.0000,     4.1509,
357 bandymas        , 23000.0000,    10.0000, 19500.0000,     0.3954,   170.0000,   168.2781,   244.8701,   168.2781,   -30.0000,     0.0000,     0.0000,     0.0000,     0.0000,     0.0000,     0.0463,    25.0000,     0.0000,     0.0000,    52.3929,    82.0000,   520.4924,    92.9602,    95.2398,  1181.4515,     0.2203,   934.2620,    68.4133,     5.0000,     0.0000,          E,          0,    0.41282,     6.0000,     4.0978,
357 bandymas        , 23000.0000,    10.0000, 19500.0000,     0.4068,   175.0000,   173.2450,   251.9345,   173.2450,   -30.0000,     0.0000,     0.0000,     0.0000,     0.0000,     0.0000,     0.0446,    25.0000,     0.0000,     0.0000,    54.8604,    82.0000,   541.7922,    93.7483,    95.9387,  1237.0928,     0.2190,   948.0284,    70.0819,     5.0000,     0.0000,          E,          0,    0.40963,     6.0000,     4.0633,
357 bandymas        , 23000.0000,    10.0000, 19500.0000,     0.4182,   180.0000,   178.2119,   258.9845,   178.2119,   -30.0000,     0.0000,     0.0000,     0.0000,     0.0000,     0.0000,     0.0432,    25.0000,     0.0000,     0.0000,    57.6066,    82.0000,   565.5638,    94.5477,    96.6964,  1299.0205,     0.2177,   962.6382,    72.7477,     5.0000,     0.0000,          E,          0,    0.40488,     6.0000,     4.0420,
357 bandymas        , 23000.0000,    10.0000, 19500.0000,     0.4192,   180.4510,   178.6600,   259.6198,   178.6600,   -30.0000,     0.0000,     0.0000,     0.0000,     0.0000,     0.0000,     0.0430,    25.0000,     0.0000,     0.0000,    57.8661,    82.0000,   567.8130,    94.6232,    96.7675,  1304.8705,     0.2176,   964.0078,    72.9986,     5.0000,     0.0000,          E,          0,    0.40439,     6.0000,     4.0406,
357 bandymas        , 23000.0000,    10.0000, 19500.0000,     0.3901,   167.7032,   165.9965,   241.6212,     1.0000,   -30.0000,     0.0000,     0.0000,     0.0000,     0.0000,     0.0000,     0.0472,    25.0000,     0.0000,     0.0000,    51.3763,    82.0000,   511.7434,    92.6291,    94.9460,  1158.5267,     0.2209,   928.2004,    67.9766,     5.0000,     0.0000,          E,          0,    0.41353,     6.0000,     4.1194,
357 bandymas        , 23000.0000,    10.0000, 19500.0000,     0.4074,   175.2820,   173.5251,   252.3318,     0.9900,   -30.0000,     0.0000,     0.0000,     0.0000,     0.0000,     0.0000,     0.0445,    25.0000,     0.0000,     0.0000,    55.0088,    82.0000,   543.0746,    93.7915,    95.9799,  1240.4388,     0.2189,   948.8229,    70.2263,     5.0000,     0.0000,          E,          0,    0.40939,     6.0000,     4.0618,
357 bandymas        , 23000.0000,    10.0000, 19500.0000,     0.4192,   180.4510,   178.6599,   259.6195,   999.0000,   -30.0000,     0.0000,     0.0000,     0.0000,     0.0000,     0.0000,     0.0430,    25.0000,     0.0000,     0.0000,    57.8660,    82.0000,   567.8123,    94.6232,    96.7674,  1304.8684,     0.2176,   964.0073,    72.9985,     5.0000,     0.0000,          E,          0,    0.40439,     6.0000,     4.0407,
