                CASE,         ZP,        ISA,     WEIGHT,       MACH,        IAS,        CAS,        TAS, SPEED_CODE,       WIND,       TIME,       FUEL,       DIST,       RATE,       GRDT,         CD,         CG,      FLAPS,      LGEAR,         TQ,         NP,        WFE,         NL,         NH,        SHP,        SFC,        ITT,        PLA,         RC,     ENGOUT,    AIRCOND,      ICING,         SR,         CI,       COST,
                    ,       (FT),     (DG.C),       (KG),           ,       (KT),       (KT),       (KT),           ,       (KT),       (MN),       (KG),       (NM),    (FT/MN),      (DEG),           ,        (%),           ,           ,        (%),        (%),     (KG/H),        (%),        (%),       (HP),  (KG/H/HP),     (DG.C),      (DEG),           ,           ,           ,           ,    (NM/KG),    (KG/MN),    (KG/NM),
360 bandymas        , 23000.0000,    10.0000, 19500.0000,     0.3056,   130.6578,   129.4885,   189.2801,   129.4885,    30.0000,     0.0000,     0.0000,     0.0000,     0.0000,     0.0000,     0.0771,    25.0000,     0.0000,     0.0000,    41.4785,    82.0000,   435.4894,    89.7058,    92.3528,   935.3334,     0.2328,   879.0530,    63.9776,     5.0000,     0.0000,          E,          0,    0.50353,     6.0000,     3.6277,
360 bandymas        , 23000.0000,    10.0000, 19500.0000,     0.3155,   135.0000,   133.7255,   195.3872,   133.7255,    30.0000,     0.0000,     0.0000,     0.0000,     0.0000,     0.0000,     0.0713,    25.0000,     0.0000,     0.0000,    41.8907,    82.0000,   438.4064,    89.7250,    92.4331,   944.6282,     0.2321,   880.3884,    64.0661,     5.0000,     0.0000,          E,          0,    0.51411,     6.0000,     3.5424,
360 bandymas        , 23000.0000,    10.0000, 19500.0000,     0.3269,   140.0000,   138.6274,   202.4415,   138.6274,    30.0000,     0.0000,     0.0000,     0.0000,     0.0000,     0.0000,     0.0656,    25.0000,     0.0000,     0.0000,    42.6201,    82.0000,   443.8440,    89.8656,    92.6037,   961.0773,     0.2309,   883.2742,    64.3033,     5.0000,     0.0000,          E,          0,    0.52370,     6.0000,     3.4583,
360 bandymas        , 23000.0000,    10.0000, 19500.0000,     0.3383,   145.0000,   143.5294,   209.4864,   143.5294,    30.0000,     0.0000,     0.0000,     0.0000,     0.0000,     0.0000,     0.0609,    25.0000,     0.0000,     0.0000,    43.7021,    82.0000,   452.1518,    90.1706,    92.8817,   985.4747,     0.2294,   887.9816,    64.7276,     5.0000,     0.0000,          E,          0,    0.52966,     6.0000,     3.3912,
360 bandymas        , 23000.0000,    10.0000, 19500.0000,     0.3496,   150.0000,   148.4314,   216.5185,   148.4314,    30.0000,     0.0000,     0.0000,     0.0000,     0.0000,     0.0000,     0.0569,    25.0000,     0.0000,     0.0000,    44.9484,    82.0000,   461.8395,    90.5446,    93.2043,  1013.5784,     0.2278,   893.4061,    65.2305,     5.0000,     0.0000,          E,          0,    0.53378,     6.0000,     3.3338,
360 bandymas        , 23000.0000,    10.0000, 19500.0000,     0.3611,   155.0000,   153.3775,   223.6035,   153.3775,    30.0000,     0.0000,     0.0000,     0.0000,     0.0000,     0.0000,     0.0535,    25.0000,     0.0000,     0.0000,    46.3372,    82.0000,   472.5115,    91.0231,    93.5677,  1044.8959,     0.2261,   900.4078,    65.7959,     5.0000,     0.0000,          E,          0,    0.53671,     6.0000,     3.2827,
360 bandymas        , 23000.0000,    10.0000, 19500.0000,     0.3725,   160.0000,   158.3444,   230.7057,   158.3444,    30.0000,     0.0000,     0.0000,     0.0000,     0.0000,     0.0000,     0.0506,    25.0000,     0.0000,     0.0000,    48.0627,    82.0000,   485.9361,    91.6257,    94.0346,  1083.8070,     0.2242,   909.5026,    66.5292,     5.0000,     0.0000,          E,          0,    0.53650,     6.0000,     3.2448,
360 bandymas        , 23000.0000,    10.0000, 19500.0000,     0.3840,   165.0000,   163.3112,   237.7939,   163.3112,    30.0000,     0.0000,     0.0000,     0.0000,     0.0000,     0.0000,     0.0483,    25.0000,     0.0000,     0.0000,    50.1863,    82.0000,   502.5320,    92.2669,    94.6202,  1131.6929,     0.2220,   921.4962,    67.4600,     5.0000,     0.0000,          E,          0,    0.53289,     6.0000,     3.2209,
360 bandymas        , 23000.0000,    10.0000, 19500.0000,     0.3954,   170.0000,   168.2781,   244.8701,   168.2781,    30.0000,     0.0000,     0.0000,     0.0000,     0.0000,     0.0000,     0.0463,    25.0000,     0.0000,     0.0000,    52.3929,    82.0000,   520.4924,    92.9602,    95.2398,  1181.4515,     0.2203,   934.2620,    68.4133,     5.0000,     0.0000,          E,          0,    0.52810,     6.0000,     3.2033,
360 bandymas        , 23000.0000,    10.0000, 19500.0000,     0.4068,   175.0000,   173.2450,   251.9345,   173.2450,    30.0000,     0.0000,     0.0000,     0.0000,     0.0000,     0.0000,     0.0446,    25.0000,     0.0000,     0.0000,    54.8604,    82.0000,   541.7922,    93.7483,    95.9387,  1237.0928,     0.2190,   948.0284,    70.0819,     5.0000,     0.0000,          E,          0,    0.52037,     6.0000,     3.1986,
360 bandymas        , 23000.0000,    10.0000, 19500.0000,     0.4182,   180.0000,   178.2119,   258.9845,   178.2119,    30.0000,     0.0000,     0.0000,     0.0000,     0.0000,     0.0000,     0.0432,    25.0000,     0.0000,     0.0000,    57.6066,    82.0000,   565.5638,    94.5477,    96.6964,  1299.0205,     0.2177,   962.6382,    72.7477,     5.0000,     0.0000,          E,          0,    0.51097,     6.0000,     3.2028,
360 bandymas        , 23000.0000,    10.0000, 19500.0000,     0.4192,   180.4510,   178.6600,   259.6198,   178.6600,    30.0000,     0.0000,     0.0000,     0.0000,     0.0000,     0.0000,     0.0430,    25.0000,     0.0000,     0.0000,    57.8661,    82.0000,   567.8130,    94.6232,    96.7675,  1304.8705,     0.2176,   964.0078,    72.9986,     5.0000,     0.0000,          E,          0,    0.51006,     6.0000,     3.2036,
360 bandymas        , 23000.0000,    10.0000, 19500.0000,     0.3687,   158.3286,   156.6840,   228.3320,     1.0000,    30.0000,     0.0000,     0.0000,     0.0000,     0.0000,     0.0000,     0.0515,    25.0000,     0.0000,     0.0000,    47.4024,    82.0000,   480.7444,    91.4042,    93.8522,  1068.9164,     0.2249,   905.8926,    66.2403,     5.0000,     0.0000,          E,          0,    0.53736,     6.0000,     3.2545,
360 bandymas        , 23000.0000,    10.0000, 19500.0000,     0.3863,   166.0046,   164.3092,   239.2167,     0.9900,    30.0000,     0.0000,     0.0000,     0.0000,     0.0000,     0.0000,     0.0479,    25.0000,     0.0000,     0.0000,    50.6403,    82.0000,   506.0609,    92.4058,    94.7452,  1141.9307,     0.2216,   924.0582,    67.6591,     5.0000,     0.0000,          E,          0,    0.53198,     6.0000,     3.2170,
360 bandymas        , 23000.0000,    10.0000, 19500.0000,     0.4192,   180.4510,   178.6599,   259.6195,   999.0000,    30.0000,     0.0000,     0.0000,     0.0000,     0.0000,     0.0000,     0.0430,    25.0000,     0.0000,     0.0000,    57.8660,    82.0000,   567.8123,    94.6232,    96.7674,  1304.8684,     0.2176,   964.0073,    72.9985,     5.0000,     0.0000,          E,          0,    0.51006,     6.0000,     3.2036,
