                CASE,         ZP,        ISA,     WEIGHT,       MACH,        IAS,        CAS,        TAS, SPEED_CODE,       WIND,       TIME,       FUEL,       DIST,       RATE,       GRDT,         CD,         CG,      FLAPS,      LGEAR,         TQ,         NP,        WFE,         NL,         NH,        SHP,        SFC,        ITT,        PLA,         RC,     ENGOUT,    AIRCOND,      ICING,         SR,         CI,       COST,
                    ,       (FT),     (DG.C),       (KG),           ,       (KT),       (KT),       (KT),           ,       (KT),       (MN),       (KG),       (NM),    (FT/MN),      (DEG),           ,        (%),           ,           ,        (%),        (%),     (KG/H),        (%),        (%),       (HP),  (KG/H/HP),     (DG.C),      (DEG),           ,           ,           ,           ,    (NM/KG),    (KG/MN),    (KG/NM),
50 bandymas         , 20000.0000,     0.0000, 18000.0000,     0.2757,   125.1023,   124.2475,   169.3543,   124.2475,     0.0000,     0.0000,     0.0000,     0.0000,     0.0000,     0.0000,     0.0767,    25.0000,     0.0000,     0.0000,    34.2104,    82.0000,   390.4946,    83.5459,    88.0503,   771.4393,     0.2531,   807.4619,    57.3799,     5.0000,     0.0000,          E,          0,    0.43369,     6.0000,     4.4315,
50 bandymas         , 20000.0000,     0.0000, 18000.0000,     0.2858,   130.0000,   128.8680,   175.5859,   128.8680,     0.0000,     0.0000,     0.0000,     0.0000,     0.0000,     0.0000,     0.0701,    25.0000,     0.0000,     0.0000,    34.6889,    82.0000,   394.3825,    83.7503,    88.2150,   782.2284,     0.2521,   810.0666,    57.4878,     5.0000,     0.0000,          E,          0,    0.44522,     6.0000,     4.2964,
50 bandymas         , 20000.0000,     0.0000, 18000.0000,     0.2965,   135.0000,   133.7255,   182.1306,   133.7255,     0.0000,     0.0000,     0.0000,     0.0000,     0.0000,     0.0000,     0.0644,    25.0000,     0.0000,     0.0000,    35.4144,    82.0000,   399.6917,    84.0098,    88.4186,   798.5901,     0.2502,   813.2776,    57.6587,     5.0000,     0.0000,          E,          0,    0.45568,     6.0000,     4.1711,
50 bandymas         , 20000.0000,     0.0000, 18000.0000,     0.3072,   140.0000,   138.6274,   188.7261,   138.6274,     0.0000,     0.0000,     0.0000,     0.0000,     0.0000,     0.0000,     0.0596,    25.0000,     0.0000,     0.0000,    36.3442,    82.0000,   406.2190,    84.2643,    88.6479,   819.5555,     0.2478,   817.0695,    57.8930,     5.0000,     0.0000,          E,          0,    0.46459,     6.0000,     4.0600,
50 bandymas         , 20000.0000,     0.0000, 18000.0000,     0.3179,   145.0000,   143.5294,   195.3143,   143.5294,     0.0000,     0.0000,     0.0000,     0.0000,     0.0000,     0.0000,     0.0556,    25.0000,     0.0000,     0.0000,    37.3940,    82.0000,   413.7137,    84.5348,    88.9014,   843.2279,     0.2453,   821.3537,    58.2329,     5.0000,     0.0000,          E,          0,    0.47210,     6.0000,     3.9614,
50 bandymas         , 20000.0000,     0.0000, 18000.0000,     0.3286,   150.0000,   148.4314,   201.8930,   148.4314,     0.0000,     0.0000,     0.0000,     0.0000,     0.0000,     0.0000,     0.0522,    25.0000,     0.0000,     0.0000,    38.6523,    82.0000,   422.9508,    84.9104,    89.2253,   871.6037,     0.2426,   826.8023,    58.7118,     5.0000,     0.0000,          E,          0,    0.47734,     6.0000,     3.8780,
50 bandymas         , 20000.0000,     0.0000, 18000.0000,     0.3394,   155.0000,   153.3775,   208.5226,   153.3775,     0.0000,     0.0000,     0.0000,     0.0000,     0.0000,     0.0000,     0.0495,    25.0000,     0.0000,     0.0000,    40.2792,    82.0000,   435.0327,    85.4130,    89.6347,   908.2894,     0.2395,   833.6488,    59.3561,     5.0000,     0.0000,          E,          0,    0.47933,     6.0000,     3.8127,
50 bandymas         , 20000.0000,     0.0000, 18000.0000,     0.3503,   160.0000,   158.3444,   215.1710,   158.3444,     0.0000,     0.0000,     0.0000,     0.0000,     0.0000,     0.0000,     0.0472,    25.0000,     0.0000,     0.0000,    42.1543,    82.0000,   449.0230,    86.0195,    90.0926,   950.5726,     0.2362,   841.3761,    60.1051,     5.0000,     0.0000,          E,          0,    0.47920,     6.0000,     3.7599,
50 bandymas         , 20000.0000,     0.0000, 18000.0000,     0.3611,   165.0000,   163.3112,   221.8088,   163.3112,     0.0000,     0.0000,     0.0000,     0.0000,     0.0000,     0.0000,     0.0453,    25.0000,     0.0000,     0.0000,    44.1448,    82.0000,   463.6958,    86.7300,    90.5701,   995.4573,     0.2329,   849.7731,    60.8934,     5.0000,     0.0000,          E,          0,    0.47835,     6.0000,     3.7135,
50 bandymas         , 20000.0000,     0.0000, 18000.0000,     0.3719,   170.0000,   168.2781,   228.4374,   168.2781,     0.0000,     0.0000,     0.0000,     0.0000,     0.0000,     0.0000,     0.0436,    25.0000,     0.0000,     0.0000,    46.3589,    82.0000,   480.6978,    87.5560,    91.1206,  1045.3868,     0.2299,   859.6254,    61.7709,     5.0000,     0.0000,          E,          0,    0.47522,     6.0000,     3.6802,
50 bandymas         , 20000.0000,     0.0000, 18000.0000,     0.3826,   175.0000,   173.2450,   235.0571,   173.2450,     0.0000,     0.0000,     0.0000,     0.0000,     0.0000,     0.0000,     0.0422,    25.0000,     0.0000,     0.0000,    48.7698,    82.0000,   499.2523,    88.4399,    91.7145,  1099.7504,     0.2270,   870.4221,    62.7223,     5.0000,     0.0000,          E,          0,    0.47082,     6.0000,     3.6555,
50 bandymas         , 20000.0000,     0.0000, 18000.0000,     0.3934,   180.0000,   178.2119,   241.6657,   178.2119,     0.0000,     0.0000,     0.0000,     0.0000,     0.0000,     0.0000,     0.0410,    25.0000,     0.0000,     0.0000,    51.5168,    82.0000,   520.4048,    89.3959,    92.3851,  1161.6948,     0.2240,   882.6793,    63.8104,     5.0000,     0.0000,          E,          0,    0.46438,     6.0000,     3.6431,
50 bandymas         , 20000.0000,     0.0000, 18000.0000,     0.4041,   185.0000,   183.1841,   248.2711,   183.1841,     0.0000,     0.0000,     0.0000,     0.0000,     0.0000,     0.0000,     0.0400,    25.0000,     0.0000,     0.0000,    54.3794,    82.0000,   541.9774,    90.3822,    93.0588,  1226.2463,     0.2210,   894.7523,    64.9293,     5.0000,     0.0000,          E,          0,    0.45808,     6.0000,     3.6330,
50 bandymas         , 20000.0000,     0.0000, 18000.0000,     0.4149,   190.0000,   188.1592,   254.8703,   188.1592,     0.0000,     0.0000,     0.0000,     0.0000,     0.0000,     0.0000,     0.0392,    25.0000,     0.0000,     0.0000,    57.4462,    82.0000,   565.2565,    91.3357,    93.7784,  1295.4031,     0.2182,   907.7968,    66.1177,     5.0000,     0.0000,          E,          0,    0.45089,     6.0000,     3.6303,
50 bandymas         , 20000.0000,     0.0000, 18000.0000,     0.4256,   195.0000,   193.1344,   261.4578,   193.1344,     0.0000,     0.0000,     0.0000,     0.0000,     0.0000,     0.0000,     0.0384,    25.0000,     0.0000,     0.0000,    60.7764,    82.0000,   592.4499,    92.3239,    94.5829,  1370.4971,     0.2161,   922.8123,    67.4004,     5.0000,     0.0000,          E,          0,    0.44132,     6.0000,     3.6428,
50 bandymas         , 20000.0000,     0.0000, 18000.0000,     0.4363,   200.0000,   198.1095,   268.0357,   198.1095,     0.0000,     0.0000,     0.0000,     0.0000,     0.0000,     0.0000,     0.0378,    25.0000,     0.0000,     0.0000,    64.4796,    82.0000,   624.2576,    93.3515,    95.4874,  1454.0050,     0.2147,   939.9492,    68.8235,     5.0000,     0.0000,          E,          0,    0.42937,     6.0000,     3.6721,
50 bandymas         , 20000.0000,     0.0000, 18000.0000,     0.4470,   205.0000,   203.0846,   274.6014,   203.0846,     0.0000,     0.0000,     0.0000,     0.0000,     0.0000,     0.0000,     0.0373,    25.0000,     0.0000,     0.0000,    68.2876,    82.0000,   660.1487,    94.3944,    96.4618,  1539.8743,     0.2144,   958.6339,    71.7608,     5.0000,     0.0000,          E,          0,    0.41597,     6.0000,     3.7150,
50 bandymas         , 20000.0000,     0.0000, 18000.0000,     0.4512,   206.9639,   205.0387,   277.1774,   205.0387,     0.0000,     0.0000,     0.0000,     0.0000,     0.0000,     0.0000,     0.0371,    25.0000,     0.0000,     0.0000,    69.8063,    82.0000,   675.6210,    94.8329,    96.8687,  1574.1202,     0.2146,   966.4512,    72.9980,     5.0000,     0.0000,          E,          0,    0.41026,     6.0000,     3.7363,
50 bandymas         , 20000.0000,     0.0000, 18000.0000,     0.3415,   155.9565,   154.3276,   209.7949,     1.0000,     0.0000,     0.0000,     0.0000,     0.0000,     0.0000,     0.0000,     0.0490,    25.0000,     0.0000,     0.0000,    40.6318,    82.0000,   437.6633,    85.5227,    89.7221,   916.2407,     0.2388,   835.1071,    59.4977,     5.0000,     0.0000,          E,          0,    0.47935,     6.0000,     3.8021,
50 bandymas         , 20000.0000,     0.0000, 18000.0000,     0.3736,   170.8292,   169.1019,   229.5359,     0.9900,     0.0000,     0.0000,     0.0000,     0.0000,     0.0000,     0.0000,     0.0434,    25.0000,     0.0000,     0.0000,    46.7467,    82.0000,   483.6832,    87.7003,    91.2166,  1054.1300,     0.2294,   861.3624,    61.9244,     5.0000,     0.0000,          E,          0,    0.47456,     6.0000,     3.6756,
50 bandymas         , 20000.0000,     0.0000, 18000.0000,     0.4512,   206.9639,   205.0387,   277.1773,   999.0000,     0.0000,     0.0000,     0.0000,     0.0000,     0.0000,     0.0000,     0.0371,    25.0000,     0.0000,     0.0000,    69.8062,    82.0000,   675.6208,    94.8329,    96.8687,  1574.1196,     0.2146,   966.4512,    72.9980,     5.0000,     0.0000,          E,          0,    0.41026,     6.0000,     3.7363,
