                CASE,         ZP,        ISA,     WEIGHT,       MACH,        IAS,        CAS,        TAS, SPEED_CODE,       WIND,       TIME,       FUEL,       DIST,       RATE,       GRDT,         CD,         CG,      FLAPS,      LGEAR,         TQ,         NP,        WFE,         NL,         NH,        SHP,        SFC,        ITT,        PLA,         RC,     ENGOUT,    AIRCOND,      ICING,         SR,         CI,       COST,
                    ,       (FT),     (DG.C),       (KG),           ,       (KT),       (KT),       (KT),           ,       (KT),       (MN),       (KG),       (NM),    (FT/MN),      (DEG),           ,        (%),           ,           ,        (%),        (%),     (KG/H),        (%),        (%),       (HP),  (KG/H/HP),     (DG.C),      (DEG),           ,           ,           ,           ,    (NM/KG),    (KG/MN),    (KG/NM),
52 bandymas         , 20000.0000,    10.0000, 15000.0000,     0.2517,   113.5532,   113.3521,   157.7130,   113.3521,     0.0000,     0.0000,     0.0000,     0.0000,     0.0000,     0.0000,     0.0775,    25.0000,     0.0000,     0.0000,    27.3799,    82.0000,   339.2056,    81.9686,    87.5016,   617.4121,     0.2747,   797.1266,    55.4357,     5.0000,     0.0000,          E,          0,    0.46495,     6.0000,     4.4334,
52 bandymas         , 20000.0000,    10.0000, 15000.0000,     0.2609,   118.0000,   117.5472,   163.4991,   117.5472,     0.0000,     0.0000,     0.0000,     0.0000,     0.0000,     0.0000,     0.0710,    25.0000,     0.0000,     0.0000,    27.7093,    82.0000,   343.5474,    82.2446,    87.7101,   624.8397,     0.2749,   800.3782,    55.5670,     5.0000,     0.0000,          E,          0,    0.47591,     6.0000,     4.3031,
52 bandymas         , 20000.0000,    10.0000, 15000.0000,     0.2713,   123.0000,   122.2642,   169.9969,   122.2642,     0.0000,     0.0000,     0.0000,     0.0000,     0.0000,     0.0000,     0.0649,    25.0000,     0.0000,     0.0000,    28.2480,    82.0000,   349.0965,    82.5841,    87.9689,   636.9883,     0.2740,   804.4289,    55.7767,     5.0000,     0.0000,          E,          0,    0.48696,     6.0000,     4.1712,
52 bandymas         , 20000.0000,    10.0000, 15000.0000,     0.2817,   128.0000,   126.9811,   176.4888,   126.9811,     0.0000,     0.0000,     0.0000,     0.0000,     0.0000,     0.0000,     0.0600,    25.0000,     0.0000,     0.0000,    29.0537,    82.0000,   355.8678,    82.9802,    88.2769,   655.1555,     0.2716,   809.2780,    56.0519,     5.0000,     0.0000,          E,          0,    0.49594,     6.0000,     4.0562,
52 bandymas         , 20000.0000,    10.0000, 15000.0000,     0.2922,   133.0000,   131.7647,   183.0649,   131.7647,     0.0000,     0.0000,     0.0000,     0.0000,     0.0000,     0.0000,     0.0559,    25.0000,     0.0000,     0.0000,    30.0663,    82.0000,   363.3513,    83.4260,    88.6205,   677.9904,     0.2680,   814.7163,    56.3521,     5.0000,     0.0000,          E,          0,    0.50382,     6.0000,     3.9513,
52 bandymas         , 20000.0000,    10.0000, 15000.0000,     0.3029,   138.0000,   136.6667,   189.7967,   136.6667,     0.0000,     0.0000,     0.0000,     0.0000,     0.0000,     0.0000,     0.0523,    25.0000,     0.0000,     0.0000,    31.1462,    82.0000,   370.4966,    83.8559,    88.9647,   702.3412,     0.2638,   820.2723,    56.6682,     5.0000,     0.0000,          E,          0,    0.51228,     6.0000,     3.8488,
52 bandymas         , 20000.0000,    10.0000, 15000.0000,     0.3136,   143.0000,   141.5686,   196.5181,   141.5686,     0.0000,     0.0000,     0.0000,     0.0000,     0.0000,     0.0000,     0.0495,    25.0000,     0.0000,     0.0000,    32.5807,    82.0000,   380.8249,    84.3241,    89.3658,   734.6904,     0.2592,   827.0034,    57.1035,     5.0000,     0.0000,          E,          0,    0.51603,     6.0000,     3.7698,
52 bandymas         , 20000.0000,    10.0000, 15000.0000,     0.3244,   148.0000,   146.4706,   203.2314,   146.4706,     0.0000,     0.0000,     0.0000,     0.0000,     0.0000,     0.0000,     0.0472,    25.0000,     0.0000,     0.0000,    34.2178,    82.0000,   392.9207,    84.8140,    89.7818,   771.6065,     0.2546,   833.9769,    57.6015,     5.0000,     0.0000,          E,          0,    0.51723,     6.0000,     3.7047,
52 bandymas         , 20000.0000,    10.0000, 15000.0000,     0.3351,   153.0000,   151.3907,   209.9607,   151.3907,     0.0000,     0.0000,     0.0000,     0.0000,     0.0000,     0.0000,     0.0452,    25.0000,     0.0000,     0.0000,    36.1437,    82.0000,   407.1958,    85.3712,    90.2292,   815.0340,     0.2498,   841.6138,    58.2787,     5.0000,     0.0000,          E,          0,    0.51563,     6.0000,     3.6540,
52 bandymas         , 20000.0000,    10.0000, 15000.0000,     0.3459,   158.0000,   156.3576,   216.7456,   156.3576,     0.0000,     0.0000,     0.0000,     0.0000,     0.0000,     0.0000,     0.0435,    25.0000,     0.0000,     0.0000,    38.2568,    82.0000,   422.8668,    85.9304,    90.6789,   862.6846,     0.2451,   849.2759,    59.2205,     5.0000,     0.0000,          E,          0,    0.51256,     6.0000,     3.6119,
52 bandymas         , 20000.0000,    10.0000, 15000.0000,     0.3567,   163.0000,   161.3245,   223.5198,   161.3245,     0.0000,     0.0000,     0.0000,     0.0000,     0.0000,     0.0000,     0.0421,    25.0000,     0.0000,     0.0000,    40.5024,    82.0000,   439.9068,    86.6712,    91.2288,   913.3237,     0.2408,   858.6964,    60.2146,     5.0000,     0.0000,          E,          0,    0.50811,     6.0000,     3.5787,
52 bandymas         , 20000.0000,    10.0000, 15000.0000,     0.3675,   168.0000,   166.2914,   230.2852,   166.2914,     0.0000,     0.0000,     0.0000,     0.0000,     0.0000,     0.0000,     0.0409,    25.0000,     0.0000,     0.0000,    42.9568,    82.0000,   458.5816,    87.5154,    91.8296,   968.6685,     0.2367,   869.1788,    61.2982,     5.0000,     0.0000,          E,          0,    0.50217,     6.0000,     3.5546,
52 bandymas         , 20000.0000,    10.0000, 15000.0000,     0.3783,   173.0000,   171.2583,   237.0397,   171.2583,     0.0000,     0.0000,     0.0000,     0.0000,     0.0000,     0.0000,     0.0399,    25.0000,     0.0000,     0.0000,    45.6661,    82.0000,   479.2271,    88.5147,    92.4865,  1029.7634,     0.2327,   881.1221,    62.4925,     5.0000,     0.0000,          E,          0,    0.49463,     6.0000,     3.5404,
52 bandymas         , 20000.0000,    10.0000, 15000.0000,     0.3891,   178.0000,   176.2252,   243.7851,   176.2252,     0.0000,     0.0000,     0.0000,     0.0000,     0.0000,     0.0000,     0.0391,    25.0000,     0.0000,     0.0000,    48.5125,    82.0000,   501.7444,    89.5913,    93.1942,  1093.9481,     0.2293,   894.2628,    63.7359,     5.0000,     0.0000,          E,          0,    0.48588,     6.0000,     3.5349,
52 bandymas         , 20000.0000,    10.0000, 15000.0000,     0.3998,   183.0000,   181.1941,   250.5220,   181.1941,     0.0000,     0.0000,     0.0000,     0.0000,     0.0000,     0.0000,     0.0383,    25.0000,     0.0000,     0.0000,    51.5122,    82.0000,   525.4506,    90.6694,    93.9287,  1161.5928,     0.2262,   908.0576,    65.0353,     5.0000,     0.0000,          E,          0,    0.47678,     6.0000,     3.5344,
52 bandymas         , 20000.0000,    10.0000, 15000.0000,     0.4106,   188.0000,   186.1691,   257.2559,   186.1691,     0.0000,     0.0000,     0.0000,     0.0000,     0.0000,     0.0000,     0.0377,    25.0000,     0.0000,     0.0000,    54.7169,    82.0000,   550.0460,    91.7989,    94.6707,  1233.8564,     0.2229,   921.1462,    66.4143,     5.0000,     0.0000,          E,          0,    0.46770,     6.0000,     3.5375,
52 bandymas         , 20000.0000,    10.0000, 15000.0000,     0.4213,   193.0000,   191.1443,   263.9797,   191.1443,     0.0000,     0.0000,     0.0000,     0.0000,     0.0000,     0.0000,     0.0371,    25.0000,     0.0000,     0.0000,    58.1773,    82.0000,   576.9694,    92.9548,    95.4858,  1311.8882,     0.2199,   935.9983,    67.8962,     5.0000,     0.0000,          E,          0,    0.45753,     6.0000,     3.5494,
52 bandymas         , 20000.0000,    10.0000, 15000.0000,     0.4320,   198.0000,   196.1194,   270.6930,   196.1194,     0.0000,     0.0000,     0.0000,     0.0000,     0.0000,     0.0000,     0.0366,    25.0000,     0.0000,     0.0000,    61.8074,    82.0000,   606.8123,    94.0269,    96.3578,  1393.7473,     0.2177,   952.7369,    69.9313,     5.0000,     0.0000,          E,          0,    0.44609,     6.0000,     3.5716,
52 bandymas         , 20000.0000,    10.0000, 15000.0000,     0.4418,   202.5760,   200.6726,   276.8261,   200.6726,     0.0000,     0.0000,     0.0000,     0.0000,     0.0000,     0.0000,     0.0361,    25.0000,     0.0000,     0.0000,    65.2463,    82.0000,   637.0544,    95.0058,    97.1925,  1471.2927,     0.2165,   968.9000,    73.0009,     5.0000,     0.0000,          E,          0,    0.43454,     6.0000,     3.6017,
52 bandymas         , 20000.0000,    10.0000, 15000.0000,     0.3245,   148.0681,   146.5373,   203.3229,     1.0000,     0.0000,     0.0000,     0.0000,     0.0000,     0.0000,     0.0000,     0.0471,    25.0000,     0.0000,     0.0000,    34.2415,    82.0000,   393.0959,    84.8212,    89.7876,   772.1408,     0.2545,   834.0756,    57.6087,     5.0000,     0.0000,          E,          0,    0.51723,     6.0000,     3.7039,
52 bandymas         , 20000.0000,    10.0000, 15000.0000,     0.3475,   158.7168,   157.0697,   217.7170,     0.9900,     0.0000,     0.0000,     0.0000,     0.0000,     0.0000,     0.0000,     0.0433,    25.0000,     0.0000,     0.0000,    38.5638,    82.0000,   425.1766,    86.0189,    90.7490,   869.6068,     0.2445,   850.4716,    59.3563,     5.0000,     0.0000,          E,          0,    0.51206,     6.0000,     3.6064,
52 bandymas         , 20000.0000,    10.0000, 15000.0000,     0.4418,   202.5759,   200.6726,   276.8261,   999.0000,     0.0000,     0.0000,     0.0000,     0.0000,     0.0000,     0.0000,     0.0361,    25.0000,     0.0000,     0.0000,    65.2463,    82.0000,   637.0546,    95.0058,    97.1925,  1471.2930,     0.2165,   968.9000,    73.0010,     5.0000,     0.0000,          E,          0,    0.43454,     6.0000,     3.6017,
