                CASE,         ZP,        ISA,     WEIGHT,       MACH,        IAS,        CAS,        TAS, SPEED_CODE,       WIND,       TIME,       FUEL,       DIST,       RATE,       GRDT,         CD,         CG,      FLAPS,      LGEAR,         TQ,         NP,        WFE,         NL,         NH,        SHP,        SFC,        ITT,        PLA,         RC,     ENGOUT,    AIRCOND,      ICING,         SR,         CI,       COST,
                    ,       (FT),     (DG.C),       (KG),           ,       (KT),       (KT),       (KT),           ,       (KT),       (MN),       (KG),       (NM),    (FT/MN),      (DEG),           ,        (%),           ,           ,        (%),        (%),     (KG/H),        (%),        (%),       (HP),  (KG/H/HP),     (DG.C),      (DEG),           ,           ,           ,           ,    (NM/KG),    (KG/MN),    (KG/NM),
60 bandymas         , 20000.0000,   -10.0000, 18000.0000,     0.2757,   125.1023,   124.2475,   165.9121,   124.2475,   -15.0000,     0.0000,     0.0000,     0.0000,     0.0000,     0.0000,     0.0763,    25.0000,     0.0000,     0.0000,    33.4102,    82.0000,   380.9745,    81.8054,    86.2317,   753.3950,     0.2528,   780.0286,    56.6080,     5.0000,     0.0000,          E,          0,    0.39612,     6.0000,     4.9100,
60 bandymas         , 20000.0000,   -10.0000, 18000.0000,     0.2858,   130.0000,   128.8680,   172.0170,   128.8680,   -15.0000,     0.0000,     0.0000,     0.0000,     0.0000,     0.0000,     0.0698,    25.0000,     0.0000,     0.0000,    33.8075,    82.0000,   384.2084,    81.9777,    86.3755,   762.3547,     0.2520,   782.2320,    56.6829,     5.0000,     0.0000,          E,          0,    0.40868,     6.0000,     4.7397,
60 bandymas         , 20000.0000,   -10.0000, 18000.0000,     0.2965,   135.0000,   133.7255,   178.4288,   133.7255,   -15.0000,     0.0000,     0.0000,     0.0000,     0.0000,     0.0000,     0.0640,    25.0000,     0.0000,     0.0000,    34.4652,    82.0000,   388.9511,    82.2156,    86.5638,   777.1852,     0.2502,   785.1301,    56.8229,     5.0000,     0.0000,          E,          0,    0.42018,     6.0000,     4.5827,
60 bandymas         , 20000.0000,   -10.0000, 18000.0000,     0.3072,   140.0000,   138.6274,   184.8902,   138.6274,   -15.0000,     0.0000,     0.0000,     0.0000,     0.0000,     0.0000,     0.0593,    25.0000,     0.0000,     0.0000,    35.4722,    82.0000,   395.9507,    82.5036,    86.8141,   799.8922,     0.2475,   789.1560,    57.0711,     5.0000,     0.0000,          E,          0,    0.42907,     6.0000,     4.4496,
60 bandymas         , 20000.0000,   -10.0000, 18000.0000,     0.3179,   145.0000,   143.5294,   191.3445,   143.5294,   -15.0000,     0.0000,     0.0000,     0.0000,     0.0000,     0.0000,     0.0553,    25.0000,     0.0000,     0.0000,    36.4509,    82.0000,   402.7616,    82.7415,    87.0444,   821.9618,     0.2450,   792.9502,    57.3032,     5.0000,     0.0000,          E,          0,    0.43784,     6.0000,     4.3254,
60 bandymas         , 20000.0000,   -10.0000, 18000.0000,     0.3286,   150.0000,   148.4314,   197.7895,   148.4314,   -15.0000,     0.0000,     0.0000,     0.0000,     0.0000,     0.0000,     0.0519,    25.0000,     0.0000,     0.0000,    37.5893,    82.0000,   410.9356,    83.0727,    87.3373,   847.6317,     0.2424,   797.7615,    57.5800,     5.0000,     0.0000,          E,          0,    0.44481,     6.0000,     4.2176,
60 bandymas         , 20000.0000,   -10.0000, 18000.0000,     0.3394,   155.0000,   153.3775,   204.2843,   153.3775,   -15.0000,     0.0000,     0.0000,     0.0000,     0.0000,     0.0000,     0.0491,    25.0000,     0.0000,     0.0000,    39.1376,    82.0000,   422.2053,    83.5493,    87.7279,   882.5475,     0.2392,   804.1218,    57.9802,     5.0000,     0.0000,          E,          0,    0.44832,     6.0000,     4.1324,
60 bandymas         , 20000.0000,   -10.0000, 18000.0000,     0.3503,   160.0000,   158.3444,   210.7976,   158.3444,   -15.0000,     0.0000,     0.0000,     0.0000,     0.0000,     0.0000,     0.0469,    25.0000,     0.0000,     0.0000,    40.9988,    82.0000,   435.8266,    84.1449,    88.1849,   924.5162,     0.2357,   811.5855,    58.6808,     5.0000,     0.0000,          E,          0,    0.44926,     6.0000,     4.0645,
60 bandymas         , 20000.0000,   -10.0000, 18000.0000,     0.3611,   165.0000,   163.3112,   217.3005,   163.3112,   -15.0000,     0.0000,     0.0000,     0.0000,     0.0000,     0.0000,     0.0449,    25.0000,     0.0000,     0.0000,    42.9691,    82.0000,   450.0530,    84.8505,    88.6583,   968.9454,     0.2322,   819.6622,    59.4241,     5.0000,     0.0000,          E,          0,    0.44950,     6.0000,     4.0042,
60 bandymas         , 20000.0000,   -10.0000, 18000.0000,     0.3719,   170.0000,   168.2781,   223.7944,   168.2781,   -15.0000,     0.0000,     0.0000,     0.0000,     0.0000,     0.0000,     0.0433,    25.0000,     0.0000,     0.0000,    45.1139,    82.0000,   466.0695,    85.6449,    89.1884,  1017.3123,     0.2291,   828.8810,    60.2294,     5.0000,     0.0000,          E,          0,    0.44799,     6.0000,     3.9564,
60 bandymas         , 20000.0000,   -10.0000, 18000.0000,     0.3826,   175.0000,   173.2450,   230.2795,   173.2450,   -15.0000,     0.0000,     0.0000,     0.0000,     0.0000,     0.0000,     0.0419,    25.0000,     0.0000,     0.0000,    47.4699,    82.0000,   483.7954,    86.5143,    89.7694,  1070.4379,     0.2260,   839.1551,    61.1109,     5.0000,     0.0000,          E,          0,    0.44498,     6.0000,     3.9195,
60 bandymas         , 20000.0000,   -10.0000, 18000.0000,     0.3934,   180.0000,   178.2119,   236.7538,   178.2119,   -15.0000,     0.0000,     0.0000,     0.0000,     0.0000,     0.0000,     0.0408,    25.0000,     0.0000,     0.0000,    50.1200,    82.0000,   503.7113,    87.4386,    90.4165,  1130.1982,     0.2228,   850.6516,    62.1030,     5.0000,     0.0000,          E,          0,    0.44024,     6.0000,     3.8949,
60 bandymas         , 20000.0000,   -10.0000, 18000.0000,     0.4041,   185.0000,   183.1841,   243.2249,   183.1841,   -15.0000,     0.0000,     0.0000,     0.0000,     0.0000,     0.0000,     0.0398,    25.0000,     0.0000,     0.0000,    52.9667,    82.0000,   524.6084,    88.4205,    91.0866,  1194.3898,     0.2196,   862.3046,    63.1590,     5.0000,     0.0000,          E,          0,    0.43504,     6.0000,     3.8760,
60 bandymas         , 20000.0000,   -10.0000, 18000.0000,     0.4149,   190.0000,   188.1592,   249.6900,   188.1592,   -15.0000,     0.0000,     0.0000,     0.0000,     0.0000,     0.0000,     0.0390,    25.0000,     0.0000,     0.0000,    56.0010,    82.0000,   547.0859,    89.3900,    91.7997,  1262.8147,     0.2166,   874.7426,    64.2726,     5.0000,     0.0000,          E,          0,    0.42898,     6.0000,     3.8650,
60 bandymas         , 20000.0000,   -10.0000, 18000.0000,     0.4256,   195.0000,   193.1344,   256.1436,   193.1344,   -15.0000,     0.0000,     0.0000,     0.0000,     0.0000,     0.0000,     0.0383,    25.0000,     0.0000,     0.0000,    59.2684,    82.0000,   572.8135,    90.3552,    92.5858,  1336.4921,     0.2143,   888.9977,    65.4612,     5.0000,     0.0000,          E,          0,    0.42098,     6.0000,     3.8683,
60 bandymas         , 20000.0000,   -10.0000, 18000.0000,     0.4363,   200.0000,   198.1095,   262.5878,   198.1095,   -15.0000,     0.0000,     0.0000,     0.0000,     0.0000,     0.0000,     0.0377,    25.0000,     0.0000,     0.0000,    62.8513,    82.0000,   602.7881,    91.3631,    93.4605,  1417.2866,     0.2127,   905.0596,    66.7571,     5.0000,     0.0000,          E,          0,    0.41074,     6.0000,     3.8887,
60 bandymas         , 20000.0000,   -10.0000, 18000.0000,     0.4470,   205.0000,   203.0846,   269.0201,   203.0846,   -15.0000,     0.0000,     0.0000,     0.0000,     0.0000,     0.0000,     0.0371,    25.0000,     0.0000,     0.0000,    66.6768,    82.0000,   637.5137,    92.4036,    94.4333,  1503.5520,     0.2120,   923.1951,    68.1256,     5.0000,     0.0000,          E,          0,    0.39845,     6.0000,     3.9269,
60 bandymas         , 20000.0000,   -10.0000, 18000.0000,     0.4577,   210.0000,   208.0598,   275.4416,   208.0598,   -15.0000,     0.0000,     0.0000,     0.0000,     0.0000,     0.0000,     0.0366,    25.0000,     0.0000,     0.0000,    70.5348,    82.0000,   675.8613,    93.5504,    95.4632,  1590.5492,     0.2125,   942.5309,    70.0427,     5.0000,     0.0000,          E,          0,    0.38535,     6.0000,     3.9773,
60 bandymas         , 20000.0000,   -10.0000, 18000.0000,     0.4680,   214.8271,   212.8628,   281.6307,   212.8628,   -15.0000,     0.0000,     0.0000,     0.0000,     0.0000,     0.0000,     0.0362,    25.0000,     0.0000,     0.0000,    74.4401,    82.0000,   716.6095,    94.8851,    96.6334,  1678.6127,     0.2135,   964.7629,    72.9951,     5.0000,     0.0000,          E,          0,    0.37207,     6.0000,     4.0378,
60 bandymas         , 20000.0000,   -10.0000, 18000.0000,     0.3589,   163.9829,   162.3009,   215.9779,     1.0000,   -15.0000,     0.0000,     0.0000,     0.0000,     0.0000,     0.0000,     0.0453,    25.0000,     0.0000,     0.0000,    42.5581,    82.0000,   447.0849,    84.7037,    88.5598,   959.6788,     0.2329,   817.9683,    59.2696,     5.0000,     0.0000,          E,          0,    0.44953,     6.0000,     4.0158,
60 bandymas         , 20000.0000,   -10.0000, 18000.0000,     0.3825,   174.9260,   173.1716,   230.1839,     0.9900,   -15.0000,     0.0000,     0.0000,     0.0000,     0.0000,     0.0000,     0.0420,    25.0000,     0.0000,     0.0000,    47.4335,    82.0000,   483.5221,    86.5013,    89.7605,  1069.6179,     0.2260,   838.9974,    61.0973,     5.0000,     0.0000,          E,          0,    0.44503,     6.0000,     3.9200,
60 bandymas         , 20000.0000,   -10.0000, 18000.0000,     0.4680,   214.8270,   212.8627,   281.6308,   999.0000,   -15.0000,     0.0000,     0.0000,     0.0000,     0.0000,     0.0000,     0.0362,    25.0000,     0.0000,     0.0000,    74.4402,    82.0000,   716.6104,    94.8851,    96.6334,  1678.6144,     0.2135,   964.7634,    72.9952,     5.0000,     0.0000,          E,          0,    0.37207,     6.0000,     4.0378,
