                CASE,         ZP,        ISA,     WEIGHT,       MACH,        IAS,        CAS,        TAS, SPEED_CODE,       WIND,       TIME,       FUEL,       DIST,       RATE,       GRDT,         CD,         CG,      FLAPS,      LGEAR,         TQ,         NP,        WFE,         NL,         NH,        SHP,        SFC,        ITT,        PLA,         RC,     ENGOUT,    AIRCOND,      ICING,         SR,         CI,       COST,
                    ,       (FT),     (DG.C),       (KG),           ,       (KT),       (KT),       (KT),           ,       (KT),       (MN),       (KG),       (NM),    (FT/MN),      (DEG),           ,        (%),           ,           ,        (%),        (%),     (KG/H),        (%),        (%),       (HP),  (KG/H/HP),     (DG.C),      (DEG),           ,           ,           ,           ,    (NM/KG),    (KG/MN),    (KG/NM),
70 bandymas         , 20000.0000,     0.0000, 15000.0000,     0.2517,   113.5532,   113.3521,   154.6327,   113.3521,    30.0000,     0.0000,     0.0000,     0.0000,     0.0000,     0.0000,     0.0772,    25.0000,     0.0000,     0.0000,    26.8105,    82.0000,   332.6226,    80.3537,    85.7834,   604.5733,     0.2751,   771.8052,    54.7841,     5.0000,     0.0000,          E,          0,    0.55508,     6.0000,     3.7514,
70 bandymas         , 20000.0000,     0.0000, 15000.0000,     0.2609,   118.0000,   117.5472,   160.3058,   117.5472,    30.0000,     0.0000,     0.0000,     0.0000,     0.0000,     0.0000,     0.0707,    25.0000,     0.0000,     0.0000,    27.1661,    82.0000,   337.0773,    80.6374,    85.9965,   612.5902,     0.2751,   775.0771,    54.9171,     5.0000,     0.0000,          E,          0,    0.56458,     6.0000,     3.6629,
70 bandymas         , 20000.0000,     0.0000, 15000.0000,     0.2713,   123.0000,   122.2642,   166.6767,   122.2642,    30.0000,     0.0000,     0.0000,     0.0000,     0.0000,     0.0000,     0.0646,    25.0000,     0.0000,     0.0000,    27.6628,    82.0000,   342.2377,    80.9581,    86.2420,   623.7927,     0.2743,   778.8442,    55.1011,     5.0000,     0.0000,          E,          0,    0.57468,     6.0000,     3.5705,
70 bandymas         , 20000.0000,     0.0000, 15000.0000,     0.2817,   128.0000,   126.9811,   173.0418,   126.9811,    30.0000,     0.0000,     0.0000,     0.0000,     0.0000,     0.0000,     0.0597,    25.0000,     0.0000,     0.0000,    28.4342,    82.0000,   348.6464,    81.3400,    86.5391,   641.1865,     0.2719,   783.4227,    55.3507,     5.0000,     0.0000,          E,          0,    0.58237,     6.0000,     3.4902,
70 bandymas         , 20000.0000,     0.0000, 15000.0000,     0.2922,   133.0000,   131.7647,   179.4895,   131.7647,    30.0000,     0.0000,     0.0000,     0.0000,     0.0000,     0.0000,     0.0555,    25.0000,     0.0000,     0.0000,    29.3927,    82.0000,   355.6206,    81.7641,    86.8671,   662.8007,     0.2683,   788.4932,    55.6182,     5.0000,     0.0000,          E,          0,    0.58908,     6.0000,     3.4160,
70 bandymas         , 20000.0000,     0.0000, 15000.0000,     0.3029,   138.0000,   136.6667,   186.0897,   136.6667,    30.0000,     0.0000,     0.0000,     0.0000,     0.0000,     0.0000,     0.0519,    25.0000,     0.0000,     0.0000,    30.5260,    82.0000,   362.9351,    82.2136,    87.2240,   688.3563,     0.2636,   794.1247,    55.9378,     5.0000,     0.0000,          E,          0,    0.59540,     6.0000,     3.3455,
70 bandymas         , 20000.0000,     0.0000, 15000.0000,     0.3136,   143.0000,   141.5686,   192.6799,   141.5686,    30.0000,     0.0000,     0.0000,     0.0000,     0.0000,     0.0000,     0.0492,    25.0000,     0.0000,     0.0000,    31.8130,    82.0000,   371.9840,    82.6331,    87.5897,   717.3790,     0.2593,   800.1299,    56.3024,     5.0000,     0.0000,          E,          0,    0.59863,     6.0000,     3.2872,
70 bandymas         , 20000.0000,     0.0000, 15000.0000,     0.3244,   148.0000,   146.4706,   199.2621,   146.4706,    30.0000,     0.0000,     0.0000,     0.0000,     0.0000,     0.0000,     0.0468,    25.0000,     0.0000,     0.0000,    33.3476,    82.0000,   383.1342,    83.0912,    87.9832,   751.9821,     0.2547,   806.5548,    56.7424,     5.0000,     0.0000,          E,          0,    0.59839,     6.0000,     3.2414,
70 bandymas         , 20000.0000,     0.0000, 15000.0000,     0.3351,   153.0000,   151.3907,   205.8600,   151.3907,    30.0000,     0.0000,     0.0000,     0.0000,     0.0000,     0.0000,     0.0449,    25.0000,     0.0000,     0.0000,    35.1560,    82.0000,   396.3092,    83.6138,    88.4071,   792.7616,     0.2500,   813.5928,    57.2644,     5.0000,     0.0000,          E,          0,    0.59514,     6.0000,     3.2066,
70 bandymas         , 20000.0000,     0.0000, 15000.0000,     0.3459,   158.0000,   156.3576,   212.5123,   156.3576,    30.0000,     0.0000,     0.0000,     0.0000,     0.0000,     0.0000,     0.0432,    25.0000,     0.0000,     0.0000,    37.1836,    82.0000,   411.0844,    84.1530,    88.8420,   838.4853,     0.2451,   820.7977,    57.8474,     5.0000,     0.0000,          E,          0,    0.58993,     6.0000,     3.1796,
70 bandymas         , 20000.0000,     0.0000, 15000.0000,     0.3567,   163.0000,   161.3245,   219.1542,   161.3245,    30.0000,     0.0000,     0.0000,     0.0000,     0.0000,     0.0000,     0.0418,    25.0000,     0.0000,     0.0000,    39.4110,    82.0000,   427.6085,    84.8627,    89.3698,   888.7123,     0.2406,   829.5861,    58.7007,     5.0000,     0.0000,          E,          0,    0.58267,     6.0000,     3.1611,
70 bandymas         , 20000.0000,     0.0000, 15000.0000,     0.3675,   168.0000,   166.2914,   225.7875,   166.2914,    30.0000,     0.0000,     0.0000,     0.0000,     0.0000,     0.0000,     0.0406,    25.0000,     0.0000,     0.0000,    41.8235,    82.0000,   445.6171,    85.6852,    89.9607,   943.1124,     0.2362,   839.5783,    59.6922,     5.0000,     0.0000,          E,          0,    0.57401,     6.0000,     3.1496,
70 bandymas         , 20000.0000,     0.0000, 15000.0000,     0.3783,   173.0000,   171.2583,   232.4100,   171.2583,    30.0000,     0.0000,     0.0000,     0.0000,     0.0000,     0.0000,     0.0396,    25.0000,     0.0000,     0.0000,    44.3892,    82.0000,   464.7395,    86.6248,    90.5819,  1000.9689,     0.2321,   850.5583,    60.7365,     5.0000,     0.0000,          E,          0,    0.56464,     6.0000,     3.1429,
70 bandymas         , 20000.0000,     0.0000, 15000.0000,     0.3891,   178.0000,   176.2252,   239.0237,   176.2252,    30.0000,     0.0000,     0.0000,     0.0000,     0.0000,     0.0000,     0.0388,    25.0000,     0.0000,     0.0000,    47.2105,    82.0000,   486.5057,    87.6902,    91.2815,  1064.5881,     0.2285,   863.1861,    61.8794,     5.0000,     0.0000,          E,          0,    0.55297,     6.0000,     3.1466,
70 bandymas         , 20000.0000,     0.0000, 15000.0000,     0.3998,   183.0000,   181.1941,   245.6291,   181.1941,    30.0000,     0.0000,     0.0000,     0.0000,     0.0000,     0.0000,     0.0381,    25.0000,     0.0000,     0.0000,    50.1875,    82.0000,   509.5221,    88.7713,    92.0118,  1131.7203,     0.2251,   876.5418,    63.0721,     5.0000,     0.0000,          E,          0,    0.54096,     6.0000,     3.1547,
70 bandymas         , 20000.0000,     0.0000, 15000.0000,     0.4106,   188.0000,   186.1691,   252.2314,   186.1691,    30.0000,     0.0000,     0.0000,     0.0000,     0.0000,     0.0000,     0.0374,    25.0000,     0.0000,     0.0000,    53.3065,    82.0000,   532.9163,    89.8707,    92.7347,  1202.0542,     0.2217,   888.9374,    64.3054,     5.0000,     0.0000,          E,          0,    0.52960,     6.0000,     3.1638,
70 bandymas         , 20000.0000,     0.0000, 15000.0000,     0.4213,   193.0000,   191.1443,   258.8239,   191.1443,    30.0000,     0.0000,     0.0000,     0.0000,     0.0000,     0.0000,     0.0368,    25.0000,     0.0000,     0.0000,    56.6185,    82.0000,   557.9797,    91.0034,    93.5106,  1276.7382,     0.2185,   902.5124,    65.6010,     5.0000,     0.0000,          E,          0,    0.51762,     6.0000,     3.1783,
70 bandymas         , 20000.0000,     0.0000, 15000.0000,     0.4320,   198.0000,   196.1194,   265.4061,   196.1194,    30.0000,     0.0000,     0.0000,     0.0000,     0.0000,     0.0000,     0.0364,    25.0000,     0.0000,     0.0000,    60.2281,    82.0000,   586.5472,    92.0653,    94.3746,  1358.1334,     0.2159,   918.6531,    67.0039,     5.0000,     0.0000,          E,          0,    0.50364,     6.0000,     3.2042,
70 bandymas         , 20000.0000,     0.0000, 15000.0000,     0.4427,   203.0000,   201.0946,   271.9762,   201.0946,    30.0000,     0.0000,     0.0000,     0.0000,     0.0000,     0.0000,     0.0360,    25.0000,     0.0000,     0.0000,    64.0586,    82.0000,   619.4861,    93.1657,    95.3084,  1444.5122,     0.2144,   936.2447,    68.4760,     5.0000,     0.0000,          E,          0,    0.48746,     6.0000,     3.2436,
70 bandymas         , 20000.0000,     0.0000, 15000.0000,     0.4534,   208.0000,   206.0697,   278.5358,   206.0697,    30.0000,     0.0000,     0.0000,     0.0000,     0.0000,     0.0000,     0.0356,    25.0000,     0.0000,     0.0000,    68.0511,    82.0000,   656.0228,    94.2354,    96.3069,  1534.5404,     0.2138,   955.3900,    71.1592,     5.0000,     0.0000,          E,          0,    0.47031,     6.0000,     3.2930,
70 bandymas         , 20000.0000,     0.0000, 15000.0000,     0.4592,   210.7155,   208.7717,   282.0931,   208.7717,    30.0000,     0.0000,     0.0000,     0.0000,     0.0000,     0.0000,     0.0354,    25.0000,     0.0000,     0.0000,    70.2994,    82.0000,   678.9357,    94.8845,    96.9094,  1585.2397,     0.2141,   966.9946,    72.9978,     5.0000,     0.0000,          E,          0,    0.45968,     6.0000,     3.3289,
70 bandymas         , 20000.0000,     0.0000, 15000.0000,     0.3192,   145.5720,   144.0902,   196.0671,     1.0000,    30.0000,     0.0000,     0.0000,     0.0000,     0.0000,     0.0000,     0.0479,    25.0000,     0.0000,     0.0000,    32.5627,    82.0000,   377.4243,    82.8602,    87.7866,   734.2831,     0.2570,   803.3447,    56.5165,     5.0000,     0.0000,          E,          0,    0.59897,     6.0000,     3.2620,
70 bandymas         , 20000.0000,     0.0000, 15000.0000,     0.3403,   155.3779,   153.7528,   209.0250,     0.9900,    30.0000,     0.0000,     0.0000,     0.0000,     0.0000,     0.0000,     0.0440,    25.0000,     0.0000,     0.0000,    36.0865,    82.0000,   403.0886,    83.8668,    88.6116,   813.7448,     0.2477,   816.9855,    57.5319,     5.0000,     0.0000,          E,          0,    0.59298,     6.0000,     3.1925,
70 bandymas         , 20000.0000,     0.0000, 15000.0000,     0.4592,   210.7155,   208.7716,   282.0933,   999.0000,    30.0000,     0.0000,     0.0000,     0.0000,     0.0000,     0.0000,     0.0354,    25.0000,     0.0000,     0.0000,    70.2995,    82.0000,   678.9374,    94.8846,    96.9094,  1585.2435,     0.2141,   966.9954,    72.9980,     5.0000,     0.0000,          E,          0,    0.45968,     6.0000,     3.3289,
