                CASE,         ZP,        ISA,     WEIGHT,       MACH,        IAS,        CAS,        TAS, SPEED_CODE,       WIND,       TIME,       FUEL,       DIST,       RATE,       GRDT,         CD,         CG,      FLAPS,      LGEAR,         TQ,         NP,        WFE,         NL,         NH,        SHP,        SFC,        ITT,        PLA,         RC,     ENGOUT,    AIRCOND,      ICING,         SR,         CI,       COST,
                    ,       (FT),     (DG.C),       (KG),           ,       (KT),       (KT),       (KT),           ,       (KT),       (MN),       (KG),       (NM),    (FT/MN),      (DEG),           ,        (%),           ,           ,        (%),        (%),     (KG/H),        (%),        (%),       (HP),  (KG/H/HP),     (DG.C),      (DEG),           ,           ,           ,           ,    (NM/KG),    (KG/MN),    (KG/NM),
93 bandymas         , 25000.0000,   -10.0000, 21000.0000,     0.3310,   135.8268,   134.5361,   195.0544,   134.5361,     0.0000,     0.0000,     0.0000,     0.0000,     0.0000,     0.0000,     0.0763,    25.0000,     0.0000,     0.0000,    45.2082,    82.0000,   447.2132,    89.0888,    90.9088,  1019.4385,     0.2193,   858.8025,    65.3895,     5.0000,     0.0000,          E,          0,    0.43616,     6.0000,     4.1384,
93 bandymas         , 25000.0000,   -10.0000, 21000.0000,     0.3409,   140.0000,   138.6274,   200.8836,   138.6274,     0.0000,     0.0000,     0.0000,     0.0000,     0.0000,     0.0000,     0.0709,    25.0000,     0.0000,     0.0000,    45.6139,    82.0000,   450.2688,    89.1098,    90.9893,  1028.5867,     0.2189,   860.1167,    65.4394,     5.0000,     0.0000,          E,          0,    0.44614,     6.0000,     4.0335,
93 bandymas         , 25000.0000,   -10.0000, 21000.0000,     0.3528,   145.0000,   143.5294,   207.8581,   143.5294,     0.0000,     0.0000,     0.0000,     0.0000,     0.0000,     0.0000,     0.0654,    25.0000,     0.0000,     0.0000,    46.3508,    82.0000,   455.9926,    89.2325,    91.1757,  1045.2028,     0.2181,   863.5688,    65.6249,     5.0000,     0.0000,          E,          0,    0.45584,     6.0000,     3.9257,
93 bandymas         , 25000.0000,   -10.0000, 21000.0000,     0.3646,   150.0000,   148.4314,   214.8176,   148.4314,     0.0000,     0.0000,     0.0000,     0.0000,     0.0000,     0.0000,     0.0607,    25.0000,     0.0000,     0.0000,    47.3884,    82.0000,   463.8896,    89.4950,    91.4728,  1068.6008,     0.2171,   869.9103,    65.9591,     5.0000,     0.0000,          E,          0,    0.46308,     6.0000,     3.8353,
93 bandymas         , 25000.0000,   -10.0000, 21000.0000,     0.3765,   155.0000,   153.3775,   221.8279,   153.3775,     0.0000,     0.0000,     0.0000,     0.0000,     0.0000,     0.0000,     0.0568,    25.0000,     0.0000,     0.0000,    48.5669,    82.0000,   472.9798,    89.8103,    91.8179,  1095.1757,     0.2159,   877.2036,    66.3521,     5.0000,     0.0000,          E,          0,    0.46900,     6.0000,     3.7551,
93 bandymas         , 25000.0000,   -10.0000, 21000.0000,     0.3884,   160.0000,   158.3444,   228.8535,   158.3444,     0.0000,     0.0000,     0.0000,     0.0000,     0.0000,     0.0000,     0.0534,    25.0000,     0.0000,     0.0000,    49.9896,    82.0000,   484.5172,    90.2272,    92.2573,  1127.2574,     0.2149,   886.3204,    66.8569,     5.0000,     0.0000,          E,          0,    0.47233,     6.0000,     3.6902,
93 bandymas         , 25000.0000,   -10.0000, 21000.0000,     0.4003,   165.0000,   163.3112,   235.8642,   163.3112,     0.0000,     0.0000,     0.0000,     0.0000,     0.0000,     0.0000,     0.0505,    25.0000,     0.0000,     0.0000,    51.6840,    82.0000,   500.5155,    90.7863,    92.8262,  1165.4666,     0.2147,   897.9376,    67.4856,     5.0000,     0.0000,          E,          0,    0.47124,     6.0000,     3.6484,
93 bandymas         , 25000.0000,   -10.0000, 21000.0000,     0.4122,   170.0000,   168.2781,   242.8608,   168.2781,     0.0000,     0.0000,     0.0000,     0.0000,     0.0000,     0.0000,     0.0482,    25.0000,     0.0000,     0.0000,    53.8119,    82.0000,   520.8712,    91.6031,    93.5075,  1213.4489,     0.2146,   910.1624,    68.3176,     5.0000,     0.0000,          E,          0,    0.46626,     6.0000,     3.6271,
93 bandymas         , 25000.0000,   -10.0000, 21000.0000,     0.4240,   175.0000,   173.2450,   249.8441,   173.2450,     0.0000,     0.0000,     0.0000,     0.0000,     0.0000,     0.0000,     0.0462,    25.0000,     0.0000,     0.0000,    56.0814,    82.0000,   542.7540,    92.4750,    94.2427,  1264.6262,     0.2146,   923.4245,    69.4580,     5.0000,     0.0000,          E,          0,    0.46033,     6.0000,     3.6133,
93 bandymas         , 25000.0000,   -10.0000, 21000.0000,     0.4359,   180.0000,   178.2119,   256.8108,   178.2119,     0.0000,     0.0000,     0.0000,     0.0000,     0.0000,     0.0000,     0.0446,    25.0000,     0.0000,     0.0000,    58.6469,    82.0000,   569.6487,    93.6300,    95.2660,  1322.4792,     0.2154,   942.2096,    71.7727,     5.0000,     0.0000,          E,          0,    0.45082,     6.0000,     3.6200,
93 bandymas         , 25000.0000,   -10.0000, 21000.0000,     0.4417,   182.4738,   180.6705,   260.2535,   180.6705,     0.0000,     0.0000,     0.0000,     0.0000,     0.0000,     0.0000,     0.0438,    25.0000,     0.0000,     0.0000,    60.0069,    82.0000,   584.0120,    94.1001,    95.8112,  1353.1465,     0.2158,   952.1009,    72.9953,     5.0000,     0.0000,          E,          0,    0.44563,     6.0000,     3.6273,
93 bandymas         , 25000.0000,   -10.0000, 21000.0000,     0.3899,   160.6184,   158.9587,   229.7208,     1.0000,     0.0000,     0.0000,     0.0000,     0.0000,     0.0000,     0.0000,     0.0530,    25.0000,     0.0000,     0.0000,    50.1847,    82.0000,   486.3358,    90.2916,    92.3237,  1131.6578,     0.2149,   887.6820,    66.9282,     5.0000,     0.0000,          E,          0,    0.47235,     6.0000,     3.6842,
93 bandymas         , 25000.0000,   -10.0000, 21000.0000,     0.4089,   168.6133,   166.9006,   240.9226,     0.9900,     0.0000,     0.0000,     0.0000,     0.0000,     0.0000,     0.0000,     0.0488,    25.0000,     0.0000,     0.0000,    53.2187,    82.0000,   515.2026,    91.3766,    93.3187,  1200.0726,     0.2147,   906.7723,    68.0875,     5.0000,     0.0000,          E,          0,    0.46763,     6.0000,     3.6327,
93 bandymas         , 25000.0000,   -10.0000, 21000.0000,     0.4417,   182.4738,   180.6704,   260.2541,   999.0000,     0.0000,     0.0000,     0.0000,     0.0000,     0.0000,     0.0000,     0.0438,    25.0000,     0.0000,     0.0000,    60.0071,    82.0000,   584.0145,    94.1001,    95.8113,  1353.1516,     0.2158,   952.1025,    72.9955,     5.0000,     0.0000,          E,          0,    0.44563,     6.0000,     3.6273,
