                CASE,         ZP,        ISA,     WEIGHT,       MACH,        IAS,        CAS,        TAS, SPEED_CODE,       WIND,       TIME,       FUEL,       DIST,       RATE,       GRDT,         CD,         CG,      FLAPS,      LGEAR,         TQ,         NP,        WFE,         NL,         NH,        SHP,        SFC,        ITT,        PLA,         RC,     ENGOUT,    AIRCOND,      ICING,         SR,         CI,       COST,
                    ,       (FT),     (DG.C),       (KG),           ,       (KT),       (KT),       (KT),           ,       (KT),       (MN),       (KG),       (NM),    (FT/MN),      (DEG),           ,        (%),           ,           ,        (%),        (%),     (KG/H),        (%),        (%),       (HP),  (KG/H/HP),     (DG.C),      (DEG),           ,           ,           ,           ,    (NM/KG),    (KG/MN),    (KG/NM),
Ilgas 3             , 20000.0000,     0.0000, 22000.0000,     0.3047,   138.8204,   137.4710,   187.1709,   137.4710,     0.0000,     0.0000,     0.0000,     0.0000,     0.0000,     0.0000,     0.0761,    25.0000,     0.0000,     0.0000,    45.6782,    82.0000,   478.6027,    88.4042,    91.2312,  1030.0363,     0.2323,   860.4459,    62.4704,     5.0000,     0.0000,          E,          0,    0.39108,     6.0000,     4.4804,
Ilgas 3             , 20000.0000,     0.0000, 22000.0000,     0.3136,   143.0000,   141.5686,   192.6799,   141.5686,     0.0000,     0.0000,     0.0000,     0.0000,     0.0000,     0.0000,     0.0708,    25.0000,     0.0000,     0.0000,    46.0369,    82.0000,   481.0367,    88.3988,    91.2874,  1038.1239,     0.2317,   861.3842,    62.5188,     5.0000,     0.0000,          E,          0,    0.40055,     6.0000,     4.3649,
Ilgas 3             , 20000.0000,     0.0000, 22000.0000,     0.3244,   148.0000,   146.4706,   199.2621,   146.4706,     0.0000,     0.0000,     0.0000,     0.0000,     0.0000,     0.0000,     0.0653,    25.0000,     0.0000,     0.0000,    46.6957,    82.0000,   485.7941,    88.4901,    91.4165,  1052.9800,     0.2307,   863.5615,    62.6826,     5.0000,     0.0000,          E,          0,    0.41018,     6.0000,     4.2446,
Ilgas 3             , 20000.0000,     0.0000, 22000.0000,     0.3351,   153.0000,   151.3907,   205.8600,   151.3907,     0.0000,     0.0000,     0.0000,     0.0000,     0.0000,     0.0000,     0.0607,    25.0000,     0.0000,     0.0000,    47.6782,    82.0000,   493.1417,    88.7071,    91.6317,  1075.1367,     0.2293,   867.2001,    62.9945,     5.0000,     0.0000,          E,          0,    0.41745,     6.0000,     4.1443,
Ilgas 3             , 20000.0000,     0.0000, 22000.0000,     0.3459,   158.0000,   156.3576,   212.5123,   156.3576,     0.0000,     0.0000,     0.0000,     0.0000,     0.0000,     0.0000,     0.0568,    25.0000,     0.0000,     0.0000,    48.9554,    82.0000,   502.8379,    89.0384,    91.9232,  1103.9365,     0.2277,   872.0994,    63.4362,     5.0000,     0.0000,          E,          0,    0.42263,     6.0000,     4.0602,
Ilgas 3             , 20000.0000,     0.0000, 22000.0000,     0.3567,   163.0000,   161.3245,   219.1542,   161.3245,     0.0000,     0.0000,     0.0000,     0.0000,     0.0000,     0.0000,     0.0534,    25.0000,     0.0000,     0.0000,    50.3156,    82.0000,   513.0632,    89.4321,    92.2378,  1134.6090,     0.2261,   877.8326,    63.9055,     5.0000,     0.0000,          E,          0,    0.42715,     6.0000,     3.9838,
Ilgas 3             , 20000.0000,     0.0000, 22000.0000,     0.3675,   168.0000,   166.2914,   225.7875,   166.2914,     0.0000,     0.0000,     0.0000,     0.0000,     0.0000,     0.0000,     0.0505,    25.0000,     0.0000,     0.0000,    51.8781,    82.0000,   524.8553,    89.9116,    92.5981,  1169.8439,     0.2243,   884.6782,    64.4579,     5.0000,     0.0000,          E,          0,    0.43019,     6.0000,     3.9190,
Ilgas 3             , 20000.0000,     0.0000, 22000.0000,     0.3783,   173.0000,   171.2583,   232.4100,   171.2583,     0.0000,     0.0000,     0.0000,     0.0000,     0.0000,     0.0000,     0.0483,    25.0000,     0.0000,     0.0000,    53.9521,    82.0000,   540.6907,    90.5947,    93.0907,  1216.6102,     0.2222,   893.8771,    65.2367,     5.0000,     0.0000,          E,          0,    0.42984,     6.0000,     3.8754,
Ilgas 3             , 20000.0000,     0.0000, 22000.0000,     0.3891,   178.0000,   176.2252,   239.0237,   176.2252,     0.0000,     0.0000,     0.0000,     0.0000,     0.0000,     0.0000,     0.0463,    25.0000,     0.0000,     0.0000,    56.2766,    82.0000,   558.5081,    91.2451,    93.6507,  1269.0288,     0.2201,   905.0311,    66.1147,     5.0000,     0.0000,          E,          0,    0.42797,     6.0000,     3.8427,
Ilgas 3             , 20000.0000,     0.0000, 22000.0000,     0.3998,   183.0000,   181.1941,   245.6291,   181.1941,     0.0000,     0.0000,     0.0000,     0.0000,     0.0000,     0.0000,     0.0446,    25.0000,     0.0000,     0.0000,    58.7408,    82.0000,   577.8174,    91.9179,    94.2504,  1324.5951,     0.2181,   917.2217,    67.0375,     5.0000,     0.0000,          E,          0,    0.42510,     6.0000,     3.8180,
Ilgas 3             , 20000.0000,     0.0000, 22000.0000,     0.4106,   188.0000,   186.1691,   252.2314,   186.1691,     0.0000,     0.0000,     0.0000,     0.0000,     0.0000,     0.0000,     0.0432,    25.0000,     0.0000,     0.0000,    61.4060,    82.0000,   600.3723,    92.7053,    94.8987,  1384.6963,     0.2168,   929.3109,    68.0314,     5.0000,     0.0000,          E,          0,    0.42013,     6.0000,     3.8075,
Ilgas 3             , 20000.0000,     0.0000, 22000.0000,     0.4213,   193.0000,   191.1443,   258.8239,   191.1443,     0.0000,     0.0000,     0.0000,     0.0000,     0.0000,     0.0000,     0.0419,    25.0000,     0.0000,     0.0000,    64.3522,    82.0000,   625.3896,    93.4661,    95.6080,  1451.1323,     0.2155,   942.7996,    69.2864,     5.0000,     0.0000,          E,          0,    0.41386,     6.0000,     3.8072,
Ilgas 3             , 20000.0000,     0.0000, 22000.0000,     0.4320,   198.0000,   196.1194,   265.4061,   196.1194,     0.0000,     0.0000,     0.0000,     0.0000,     0.0000,     0.0000,     0.0409,    25.0000,     0.0000,     0.0000,    67.6954,    82.0000,   657.2450,    94.3848,    96.4713,  1526.5214,     0.2153,   959.3337,    72.0323,     5.0000,     0.0000,          E,          0,    0.40382,     6.0000,     3.8328,
Ilgas 3             , 20000.0000,     0.0000, 22000.0000,     0.4356,   199.6632,   197.7743,   267.5926,   197.7743,     0.0000,     0.0000,     0.0000,     0.0000,     0.0000,     0.0000,     0.0406,    25.0000,     0.0000,     0.0000,    68.8763,    82.0000,   669.2592,    94.7263,    96.7890,  1553.1499,     0.2155,   965.4317,    72.9985,     5.0000,     0.0000,          E,          0,    0.39983,     6.0000,     3.8464,
Ilgas 3             , 20000.0000,     0.0000, 22000.0000,     0.3720,   170.0519,   168.3297,   228.5070,     1.0000,     0.0000,     0.0000,     0.0000,     0.0000,     0.0000,     0.0000,     0.0496,    25.0000,     0.0000,     0.0000,    52.6958,    82.0000,   531.0543,    90.1762,    92.7900,  1188.2812,     0.2235,   888.2637,    64.7638,     5.0000,     0.0000,          E,          0,    0.43029,     6.0000,     3.8995,
Ilgas 3             , 20000.0000,     0.0000, 22000.0000,     0.3977,   182.0155,   180.2144,   244.3273,     0.9900,     0.0000,     0.0000,     0.0000,     0.0000,     0.0000,     0.0000,     0.0449,    25.0000,     0.0000,     0.0000,    58.2390,    82.0000,   573.5565,    91.7729,    94.1227,  1313.2792,     0.2184,   914.6252,    66.8498,     5.0000,     0.0000,          E,          0,    0.42599,     6.0000,     3.8209,
Ilgas 3             , 20000.0000,     0.0000, 22000.0000,     0.4356,   199.6631,   197.7742,   267.5926,   999.0000,     0.0000,     0.0000,     0.0000,     0.0000,     0.0000,     0.0000,     0.0406,    25.0000,     0.0000,     0.0000,    68.8765,    82.0000,   669.2616,    94.7263,    96.7890,  1553.1549,     0.2155,   965.4327,    72.9987,     5.0000,     0.0000,          E,          0,    0.39983,     6.0000,     3.8464,
