                CASE,         ZP,        ISA,     WEIGHT,       MACH,        IAS,        CAS,        TAS, SPEED_CODE,       WIND,       TIME,       FUEL,       DIST,       RATE,       GRDT,         CD,         CG,      FLAPS,      LGEAR,         TQ,         NP,        WFE,         NL,         NH,        SHP,        SFC,        ITT,        PLA,         RC,     ENGOUT,    AIRCOND,      ICING,         SR,         CI,       COST,
                    ,       (FT),     (DG.C),       (KG),           ,       (KT),       (KT),       (KT),           ,       (KT),       (MN),       (KG),       (NM),    (FT/MN),      (DEG),           ,        (%),           ,           ,        (%),        (%),     (KG/H),        (%),        (%),       (HP),  (KG/H/HP),     (DG.C),      (DEG),           ,           ,           ,           ,    (NM/KG),    (KG/MN),    (KG/NM),
Ilgas 8             , 20000.0000,     5.0000, 20000.0000,     0.2905,   132.2416,   131.0212,   180.2744,   131.0212,   -15.0000,     0.0000,     0.0000,     0.0000,     0.0000,     0.0000,     0.0765,    25.0000,     0.0000,     0.0000,    40.3167,    82.0000,   439.7360,    86.7703,    90.5569,   909.1358,     0.2418,   847.7772,    60.4837,     5.0000,     0.0000,          E,          0,    0.37585,     6.0000,     4.8388,
Ilgas 8             , 20000.0000,     5.0000, 20000.0000,     0.3008,   137.0000,   135.6863,   186.6193,   135.6863,   -15.0000,     0.0000,     0.0000,     0.0000,     0.0000,     0.0000,     0.0703,    25.0000,     0.0000,     0.0000,    40.8953,    82.0000,   443.4361,    86.9366,    90.7002,   922.1819,     0.2404,   849.9840,    60.6500,     5.0000,     0.0000,          E,          0,    0.38702,     6.0000,     4.6815,
Ilgas 8             , 20000.0000,     5.0000, 20000.0000,     0.3115,   142.0000,   140.5882,   193.2768,   140.5882,   -15.0000,     0.0000,     0.0000,     0.0000,     0.0000,     0.0000,     0.0647,    25.0000,     0.0000,     0.0000,    41.5230,    82.0000,   447.8330,    87.0532,    90.8402,   936.3369,     0.2391,   852.5233,    60.8276,     5.0000,     0.0000,          E,          0,    0.39809,     6.0000,     4.5313,
Ilgas 8             , 20000.0000,     5.0000, 20000.0000,     0.3222,   147.0000,   145.4902,   199.9273,   145.4902,   -15.0000,     0.0000,     0.0000,     0.0000,     0.0000,     0.0000,     0.0601,    25.0000,     0.0000,     0.0000,    42.4907,    82.0000,   454.8674,    87.3108,    91.0665,   958.1578,     0.2374,   856.5286,    61.1679,     5.0000,     0.0000,          E,          0,    0.40655,     6.0000,     4.4064,
Ilgas 8             , 20000.0000,     5.0000, 20000.0000,     0.3329,   152.0000,   150.3973,   206.5763,   150.3973,   -15.0000,     0.0000,     0.0000,     0.0000,     0.0000,     0.0000,     0.0562,    25.0000,     0.0000,     0.0000,    43.6989,    82.0000,   463.7729,    87.6577,    91.3482,   985.4030,     0.2353,   861.4470,    61.6181,     5.0000,     0.0000,          E,          0,    0.41308,     6.0000,     4.3000,
Ilgas 8             , 20000.0000,     5.0000, 20000.0000,     0.3438,   157.0000,   155.3642,   213.2968,   155.3642,   -15.0000,     0.0000,     0.0000,     0.0000,     0.0000,     0.0000,     0.0528,    25.0000,     0.0000,     0.0000,    45.1453,    82.0000,   474.8288,    88.1003,    91.6901,  1018.0195,     0.2332,   867.3514,    62.1727,     5.0000,     0.0000,          E,          0,    0.41762,     6.0000,     4.2100,
Ilgas 8             , 20000.0000,     5.0000, 20000.0000,     0.3546,   162.0000,   160.3311,   220.0069,   160.3311,   -15.0000,     0.0000,     0.0000,     0.0000,     0.0000,     0.0000,     0.0500,    25.0000,     0.0000,     0.0000,    46.7129,    82.0000,   486.9243,    88.6179,    92.0674,  1053.3676,     0.2311,   874.0287,    62.7736,     5.0000,     0.0000,          E,          0,    0.42102,     6.0000,     4.1312,
Ilgas 8             , 20000.0000,     5.0000, 20000.0000,     0.3654,   167.0000,   165.2980,   226.7088,   165.2980,   -15.0000,     0.0000,     0.0000,     0.0000,     0.0000,     0.0000,     0.0478,    25.0000,     0.0000,     0.0000,    48.6826,    82.0000,   502.1365,    89.3262,    92.5517,  1097.7848,     0.2287,   882.9321,    63.5564,     5.0000,     0.0000,          E,          0,    0.42162,     6.0000,     4.0723,
Ilgas 8             , 20000.0000,     5.0000, 20000.0000,     0.3762,   172.0000,   170.2649,   233.3991,   170.2649,   -15.0000,     0.0000,     0.0000,     0.0000,     0.0000,     0.0000,     0.0458,    25.0000,     0.0000,     0.0000,    50.8837,    82.0000,   519.1719,    90.0761,    93.0885,  1147.4191,     0.2262,   892.9072,    64.4341,     5.0000,     0.0000,          E,          0,    0.42067,     6.0000,     4.0255,
Ilgas 8             , 20000.0000,     5.0000, 20000.0000,     0.3869,   177.0000,   175.2318,   240.0803,   175.2318,   -15.0000,     0.0000,     0.0000,     0.0000,     0.0000,     0.0000,     0.0442,    25.0000,     0.0000,     0.0000,    53.3772,    82.0000,   538.4288,    90.9193,    93.6861,  1203.6477,     0.2237,   904.0633,    65.4335,     5.0000,     0.0000,          E,          0,    0.41803,     6.0000,     3.9916,
Ilgas 8             , 20000.0000,     5.0000, 20000.0000,     0.3977,   182.0000,   180.1991,   246.7526,   180.1991,   -15.0000,     0.0000,     0.0000,     0.0000,     0.0000,     0.0000,     0.0427,    25.0000,     0.0000,     0.0000,    55.9180,    82.0000,   558.0720,    91.7529,    94.2966,  1260.9409,     0.2213,   915.7361,    66.4341,     5.0000,     0.0000,          E,          0,    0.41527,     6.0000,     3.9614,
Ilgas 8             , 20000.0000,     5.0000, 20000.0000,     0.4084,   187.0000,   185.1742,   253.4236,   185.1742,   -15.0000,     0.0000,     0.0000,     0.0000,     0.0000,     0.0000,     0.0415,    25.0000,     0.0000,     0.0000,    58.7415,    82.0000,   579.7195,    92.5479,    94.9583,  1324.6124,     0.2188,   928.4387,    67.5464,     5.0000,     0.0000,          E,          0,    0.41127,     6.0000,     3.9414,
Ilgas 8             , 20000.0000,     5.0000, 20000.0000,     0.4192,   192.0000,   190.1493,   260.0835,   190.1493,   -15.0000,     0.0000,     0.0000,     0.0000,     0.0000,     0.0000,     0.0405,    25.0000,     0.0000,     0.0000,    61.8549,    82.0000,   606.2863,    93.4827,    95.7198,  1394.8188,     0.2173,   942.8378,    68.7825,     5.0000,     0.0000,          E,          0,    0.40424,     6.0000,     3.9427,
Ilgas 8             , 20000.0000,     5.0000, 20000.0000,     0.4299,   197.0000,   195.1244,   266.7338,   195.1244,   -15.0000,     0.0000,     0.0000,     0.0000,     0.0000,     0.0000,     0.0396,    25.0000,     0.0000,     0.0000,    65.2757,    82.0000,   635.9180,    94.3950,    96.5513,  1471.9570,     0.2160,   958.8735,    71.4898,     5.0000,     0.0000,          E,          0,    0.39586,     6.0000,     3.9562,
Ilgas 8             , 20000.0000,     5.0000, 20000.0000,     0.4351,   199.4358,   197.5480,   269.9690,   197.5480,   -15.0000,     0.0000,     0.0000,     0.0000,     0.0000,     0.0000,     0.0392,    25.0000,     0.0000,     0.0000,    67.0303,    82.0000,   651.7658,    94.8570,    96.9851,  1511.5220,     0.2156,   967.2881,    72.9983,     5.0000,     0.0000,          E,          0,    0.39120,     6.0000,     3.9682,
Ilgas 8             , 20000.0000,     5.0000, 20000.0000,     0.3633,   166.0309,   164.3354,   225.4108,     1.0000,   -15.0000,     0.0000,     0.0000,     0.0000,     0.0000,     0.0000,     0.0482,    25.0000,     0.0000,     0.0000,    48.2812,    82.0000,   499.0329,    89.1855,    92.4533,  1088.7336,     0.2292,   881.1153,    63.3964,     5.0000,     0.0000,          E,          0,    0.42164,     6.0000,     4.0826,
Ilgas 8             , 20000.0000,     5.0000, 20000.0000,     0.3898,   178.3521,   176.5749,   241.8858,     0.9900,   -15.0000,     0.0000,     0.0000,     0.0000,     0.0000,     0.0000,     0.0438,    25.0000,     0.0000,     0.0000,    54.0461,    82.0000,   543.5423,    91.1418,    93.8441,  1218.7302,     0.2230,   907.0400,    65.6975,     5.0000,     0.0000,          E,          0,    0.41742,     6.0000,     3.9824,
Ilgas 8             , 20000.0000,     5.0000, 20000.0000,     0.4351,   199.4357,   197.5480,   269.9684,   999.0000,   -15.0000,     0.0000,     0.0000,     0.0000,     0.0000,     0.0000,     0.0392,    25.0000,     0.0000,     0.0000,    67.0300,    82.0000,   651.7627,    94.8569,    96.9850,  1511.5154,     0.2156,   967.2868,    72.9980,     5.0000,     0.0000,          E,          0,    0.39120,     6.0000,     3.9682,
