                CASE,         ZP,        ISA,     WEIGHT,       MACH,        IAS,        CAS,        TAS, SPEED_CODE,       WIND,       TIME,       FUEL,       DIST,       RATE,       GRDT,         CD,         CG,      FLAPS,      LGEAR,         TQ,         NP,        WFE,         NL,         NH,        SHP,        SFC,        ITT,        PLA,         RC,     ENGOUT,    AIRCOND,      ICING,         SR,         CI,       COST,
                    ,       (FT),     (DG.C),       (KG),           ,       (KT),       (KT),       (KT),           ,       (KT),       (MN),       (KG),       (NM),    (FT/MN),      (DEG),           ,        (%),           ,           ,        (%),        (%),     (KG/H),        (%),        (%),       (HP),  (KG/H/HP),     (DG.C),      (DEG),           ,           ,           ,           ,    (NM/KG),    (KG/MN),    (KG/NM),
Ilgas 24            , 20000.0000,     0.0000, 22000.0000,     0.3047,   138.8204,   137.4710,   187.1709,   137.4710,   -15.0000,     0.0000,     0.0000,     0.0000,     0.0000,     0.0000,     0.0761,    25.0000,     0.0000,     0.0000,    45.6782,    82.0000,   478.6027,    88.4042,    91.2312,  1030.0363,     0.2323,   860.4459,    62.4704,     5.0000,     0.0000,          E,          0,    0.35974,     6.0000,     4.8708,
Ilgas 24            , 20000.0000,     0.0000, 22000.0000,     0.3136,   143.0000,   141.5686,   192.6799,   141.5686,   -15.0000,     0.0000,     0.0000,     0.0000,     0.0000,     0.0000,     0.0708,    25.0000,     0.0000,     0.0000,    46.0369,    82.0000,   481.0367,    88.3988,    91.2874,  1038.1239,     0.2317,   861.3842,    62.5188,     5.0000,     0.0000,          E,          0,    0.36937,     6.0000,     4.7334,
Ilgas 24            , 20000.0000,     0.0000, 22000.0000,     0.3244,   148.0000,   146.4706,   199.2621,   146.4706,   -15.0000,     0.0000,     0.0000,     0.0000,     0.0000,     0.0000,     0.0653,    25.0000,     0.0000,     0.0000,    46.6957,    82.0000,   485.7941,    88.4901,    91.4165,  1052.9800,     0.2307,   863.5615,    62.6826,     5.0000,     0.0000,          E,          0,    0.37930,     6.0000,     4.5902,
Ilgas 24            , 20000.0000,     0.0000, 22000.0000,     0.3351,   153.0000,   151.3907,   205.8600,   151.3907,   -15.0000,     0.0000,     0.0000,     0.0000,     0.0000,     0.0000,     0.0607,    25.0000,     0.0000,     0.0000,    47.6782,    82.0000,   493.1417,    88.7071,    91.6317,  1075.1367,     0.2293,   867.2001,    62.9945,     5.0000,     0.0000,          E,          0,    0.38703,     6.0000,     4.4700,
Ilgas 24            , 20000.0000,     0.0000, 22000.0000,     0.3459,   158.0000,   156.3576,   212.5123,   156.3576,   -15.0000,     0.0000,     0.0000,     0.0000,     0.0000,     0.0000,     0.0568,    25.0000,     0.0000,     0.0000,    48.9554,    82.0000,   502.8379,    89.0384,    91.9232,  1103.9365,     0.2277,   872.0994,    63.4362,     5.0000,     0.0000,          E,          0,    0.39280,     6.0000,     4.3685,
Ilgas 24            , 20000.0000,     0.0000, 22000.0000,     0.3567,   163.0000,   161.3245,   219.1542,   161.3245,   -15.0000,     0.0000,     0.0000,     0.0000,     0.0000,     0.0000,     0.0534,    25.0000,     0.0000,     0.0000,    50.3156,    82.0000,   513.0632,    89.4321,    92.2378,  1134.6090,     0.2261,   877.8326,    63.9055,     5.0000,     0.0000,          E,          0,    0.39791,     6.0000,     4.2765,
Ilgas 24            , 20000.0000,     0.0000, 22000.0000,     0.3675,   168.0000,   166.2914,   225.7875,   166.2914,   -15.0000,     0.0000,     0.0000,     0.0000,     0.0000,     0.0000,     0.0505,    25.0000,     0.0000,     0.0000,    51.8781,    82.0000,   524.8553,    89.9116,    92.5981,  1169.8439,     0.2243,   884.6782,    64.4579,     5.0000,     0.0000,          E,          0,    0.40161,     6.0000,     4.1979,
Ilgas 24            , 20000.0000,     0.0000, 22000.0000,     0.3783,   173.0000,   171.2583,   232.4100,   171.2583,   -15.0000,     0.0000,     0.0000,     0.0000,     0.0000,     0.0000,     0.0483,    25.0000,     0.0000,     0.0000,    53.9521,    82.0000,   540.6907,    90.5947,    93.0907,  1216.6102,     0.2222,   893.8771,    65.2367,     5.0000,     0.0000,          E,          0,    0.40210,     6.0000,     4.1428,
Ilgas 24            , 20000.0000,     0.0000, 22000.0000,     0.3891,   178.0000,   176.2252,   239.0237,   176.2252,   -15.0000,     0.0000,     0.0000,     0.0000,     0.0000,     0.0000,     0.0463,    25.0000,     0.0000,     0.0000,    56.2766,    82.0000,   558.5081,    91.2451,    93.6507,  1269.0288,     0.2201,   905.0311,    66.1147,     5.0000,     0.0000,          E,          0,    0.40111,     6.0000,     4.1000,
Ilgas 24            , 20000.0000,     0.0000, 22000.0000,     0.3998,   183.0000,   181.1941,   245.6291,   181.1941,   -15.0000,     0.0000,     0.0000,     0.0000,     0.0000,     0.0000,     0.0446,    25.0000,     0.0000,     0.0000,    58.7408,    82.0000,   577.8174,    91.9179,    94.2504,  1324.5951,     0.2181,   917.2217,    67.0375,     5.0000,     0.0000,          E,          0,    0.39914,     6.0000,     4.0663,
Ilgas 24            , 20000.0000,     0.0000, 22000.0000,     0.4106,   188.0000,   186.1691,   252.2314,   186.1691,   -15.0000,     0.0000,     0.0000,     0.0000,     0.0000,     0.0000,     0.0432,    25.0000,     0.0000,     0.0000,    61.4060,    82.0000,   600.3723,    92.7053,    94.8987,  1384.6963,     0.2168,   929.3109,    68.0314,     5.0000,     0.0000,          E,          0,    0.39514,     6.0000,     4.0483,
Ilgas 24            , 20000.0000,     0.0000, 22000.0000,     0.4213,   193.0000,   191.1443,   258.8239,   191.1443,   -15.0000,     0.0000,     0.0000,     0.0000,     0.0000,     0.0000,     0.0419,    25.0000,     0.0000,     0.0000,    64.3522,    82.0000,   625.3896,    93.4661,    95.6080,  1451.1323,     0.2155,   942.7996,    69.2864,     5.0000,     0.0000,          E,          0,    0.38988,     6.0000,     4.0414,
Ilgas 24            , 20000.0000,     0.0000, 22000.0000,     0.4320,   198.0000,   196.1194,   265.4061,   196.1194,   -15.0000,     0.0000,     0.0000,     0.0000,     0.0000,     0.0000,     0.0409,    25.0000,     0.0000,     0.0000,    67.6954,    82.0000,   657.2450,    94.3848,    96.4713,  1526.5214,     0.2153,   959.3337,    72.0323,     5.0000,     0.0000,          E,          0,    0.38099,     6.0000,     4.0624,
Ilgas 24            , 20000.0000,     0.0000, 22000.0000,     0.4356,   199.6632,   197.7743,   267.5926,   197.7743,   -15.0000,     0.0000,     0.0000,     0.0000,     0.0000,     0.0000,     0.0406,    25.0000,     0.0000,     0.0000,    68.8763,    82.0000,   669.2592,    94.7263,    96.7890,  1553.1499,     0.2155,   965.4317,    72.9985,     5.0000,     0.0000,          E,          0,    0.37742,     6.0000,     4.0748,
Ilgas 24            , 20000.0000,     0.0000, 22000.0000,     0.3751,   171.5179,   169.7860,   230.4483,     1.0000,   -15.0000,     0.0000,     0.0000,     0.0000,     0.0000,     0.0000,     0.0489,    25.0000,     0.0000,     0.0000,    53.3111,    82.0000,   535.7487,    90.3791,    92.9362,  1202.1573,     0.2228,   890.9913,    64.9954,     5.0000,     0.0000,          E,          0,    0.40214,     6.0000,     4.1576,
Ilgas 24            , 20000.0000,     0.0000, 22000.0000,     0.4029,   184.4089,   182.5959,   247.4907,     0.9900,   -15.0000,     0.0000,     0.0000,     0.0000,     0.0000,     0.0000,     0.0442,    25.0000,     0.0000,     0.0000,    59.4681,    82.0000,   583.9669,    92.1348,    94.4283,  1340.9961,     0.2177,   920.5474,    67.3089,     5.0000,     0.0000,          E,          0,    0.39812,     6.0000,     4.0602,
Ilgas 24            , 20000.0000,     0.0000, 22000.0000,     0.4356,   199.6631,   197.7742,   267.5926,   999.0000,   -15.0000,     0.0000,     0.0000,     0.0000,     0.0000,     0.0000,     0.0406,    25.0000,     0.0000,     0.0000,    68.8765,    82.0000,   669.2616,    94.7263,    96.7890,  1553.1549,     0.2155,   965.4327,    72.9987,     5.0000,     0.0000,          E,          0,    0.37742,     6.0000,     4.0748,
