                CASE,         ZP,        ISA,     WEIGHT,       MACH,        IAS,        CAS,        TAS, SPEED_CODE,       WIND,       TIME,       FUEL,       DIST,       RATE,       GRDT,         CD,         CG,      FLAPS,      LGEAR,         TQ,         NP,        WFE,         NL,         NH,        SHP,        SFC,        ITT,        PLA,         RC,     ENGOUT,    AIRCOND,      ICING,         SR,         CI,       COST,
                    ,       (FT),     (DG.C),       (KG),           ,       (KT),       (KT),       (KT),           ,       (KT),       (MN),       (KG),       (NM),    (FT/MN),      (DEG),           ,        (%),           ,           ,        (%),        (%),     (KG/H),        (%),        (%),       (HP),  (KG/H/HP),     (DG.C),      (DEG),           ,           ,           ,           ,    (NM/KG),    (KG/MN),    (KG/NM),
Ilgas 27            , 20000.0000,    -5.0000, 22000.0000,     0.3047,   138.8204,   137.4710,   185.2785,   137.4710,    15.0000,     0.0000,     0.0000,     0.0000,     0.0000,     0.0000,     0.0759,    25.0000,     0.0000,     0.0000,    45.1190,    82.0000,   471.6837,    87.4656,    90.2819,  1017.4260,     0.2318,   845.2687,    61.6939,     5.0000,     0.0000,          E,          0,    0.42460,     6.0000,     4.1526,
Ilgas 27            , 20000.0000,    -5.0000, 22000.0000,     0.3136,   143.0000,   141.5686,   190.7318,   141.5686,    15.0000,     0.0000,     0.0000,     0.0000,     0.0000,     0.0000,     0.0706,    25.0000,     0.0000,     0.0000,    45.4528,    82.0000,   473.9066,    87.4509,    90.3317,  1024.9528,     0.2312,   846.0909,    61.7278,     5.0000,     0.0000,          E,          0,    0.43412,     6.0000,     4.0534,
Ilgas 27            , 20000.0000,    -5.0000, 22000.0000,     0.3244,   148.0000,   146.4706,   197.2475,   146.4706,    15.0000,     0.0000,     0.0000,     0.0000,     0.0000,     0.0000,     0.0651,    25.0000,     0.0000,     0.0000,    46.0748,    82.0000,   478.3337,    87.5301,    90.4514,  1038.9784,     0.2302,   848.0822,    61.8684,     5.0000,     0.0000,          E,          0,    0.44372,     6.0000,     3.9498,
Ilgas 27            , 20000.0000,    -5.0000, 22000.0000,     0.3351,   153.0000,   151.3907,   203.7786,   151.3907,    15.0000,     0.0000,     0.0000,     0.0000,     0.0000,     0.0000,     0.0605,    25.0000,     0.0000,     0.0000,    47.0183,    82.0000,   485.3026,    87.7358,    90.6569,  1060.2556,     0.2289,   851.5054,    62.1524,     5.0000,     0.0000,          E,          0,    0.45081,     6.0000,     3.8637,
Ilgas 27            , 20000.0000,    -5.0000, 22000.0000,     0.3459,   158.0000,   156.3576,   210.3637,   156.3576,    15.0000,     0.0000,     0.0000,     0.0000,     0.0000,     0.0000,     0.0566,    25.0000,     0.0000,     0.0000,    48.2837,    82.0000,   494.8044,    88.0645,    90.9460,  1088.7891,     0.2272,   856.3019,    62.5754,     5.0000,     0.0000,          E,          0,    0.45546,     6.0000,     3.7930,
Ilgas 27            , 20000.0000,    -5.0000, 22000.0000,     0.3567,   163.0000,   161.3245,   216.9385,   161.3245,    15.0000,     0.0000,     0.0000,     0.0000,     0.0000,     0.0000,     0.0533,    25.0000,     0.0000,     0.0000,    49.6517,    82.0000,   504.9818,    88.4637,    91.2636,  1119.6376,     0.2255,   862.0020,    63.0339,     5.0000,     0.0000,          E,          0,    0.45930,     6.0000,     3.7294,
Ilgas 27            , 20000.0000,    -5.0000, 22000.0000,     0.3675,   168.0000,   166.2914,   223.5047,   166.2914,    15.0000,     0.0000,     0.0000,     0.0000,     0.0000,     0.0000,     0.0504,    25.0000,     0.0000,     0.0000,    51.1684,    82.0000,   516.2742,    88.9281,    91.6135,  1153.8397,     0.2237,   868.5707,    63.5482,     5.0000,     0.0000,          E,          0,    0.46197,     6.0000,     3.6740,
Ilgas 27            , 20000.0000,    -5.0000, 22000.0000,     0.3783,   173.0000,   171.2583,   230.0603,   171.2583,    15.0000,     0.0000,     0.0000,     0.0000,     0.0000,     0.0000,     0.0481,    25.0000,     0.0000,     0.0000,    53.1934,    82.0000,   531.5099,    89.5911,    92.0927,  1199.5024,     0.2216,   877.4001,    64.2837,     5.0000,     0.0000,          E,          0,    0.46106,     6.0000,     3.6379,
Ilgas 27            , 20000.0000,    -5.0000, 22000.0000,     0.3891,   178.0000,   176.2252,   236.6070,   176.2252,    15.0000,     0.0000,     0.0000,     0.0000,     0.0000,     0.0000,     0.0462,    25.0000,     0.0000,     0.0000,    55.4979,    82.0000,   548.9781,    90.2552,    92.6482,  1251.4690,     0.2193,   888.2172,    65.1291,     5.0000,     0.0000,          E,          0,    0.45832,     6.0000,     3.6127,
Ilgas 27            , 20000.0000,    -5.0000, 22000.0000,     0.3998,   183.0000,   181.1941,   243.1457,   181.1941,    15.0000,     0.0000,     0.0000,     0.0000,     0.0000,     0.0000,     0.0445,    25.0000,     0.0000,     0.0000,    57.9742,    82.0000,   567.9736,    90.9290,    93.2488,  1307.3093,     0.2172,   900.2451,    66.0325,     5.0000,     0.0000,          E,          0,    0.45450,     6.0000,     3.5948,
Ilgas 27            , 20000.0000,    -5.0000, 22000.0000,     0.4106,   188.0000,   186.1691,   249.6812,   186.1691,    15.0000,     0.0000,     0.0000,     0.0000,     0.0000,     0.0000,     0.0431,    25.0000,     0.0000,     0.0000,    60.5905,    82.0000,   589.8339,    91.7034,    93.8850,  1366.3064,     0.2158,   911.9354,    66.9775,     5.0000,     0.0000,          E,          0,    0.44874,     6.0000,     3.5886,
Ilgas 27            , 20000.0000,    -5.0000, 22000.0000,     0.4213,   193.0000,   191.1443,   256.2071,   191.1443,    15.0000,     0.0000,     0.0000,     0.0000,     0.0000,     0.0000,     0.0418,    25.0000,     0.0000,     0.0000,    63.5490,    82.0000,   614.6590,    92.4771,    94.5993,  1433.0195,     0.2145,   925.3154,    68.0524,     5.0000,     0.0000,          E,          0,    0.44123,     6.0000,     3.5938,
Ilgas 27            , 20000.0000,    -5.0000, 22000.0000,     0.4320,   198.0000,   196.1194,   262.7227,   196.1194,    15.0000,     0.0000,     0.0000,     0.0000,     0.0000,     0.0000,     0.0408,    25.0000,     0.0000,     0.0000,    66.8354,    82.0000,   645.2857,    93.3736,    95.4418,  1507.1287,     0.2141,   941.2215,    69.5432,     5.0000,     0.0000,          E,          0,    0.43039,     6.0000,     3.6197,
Ilgas 27            , 20000.0000,    -5.0000, 22000.0000,     0.4427,   203.0000,   201.0946,   269.2264,   201.0946,    15.0000,     0.0000,     0.0000,     0.0000,     0.0000,     0.0000,     0.0399,    25.0000,     0.0000,     0.0000,    70.4287,    82.0000,   681.4540,    94.4553,    96.4065,  1588.1560,     0.2145,   959.5473,    72.3994,     5.0000,     0.0000,          E,          0,    0.41709,     6.0000,     3.6642,
Ilgas 27            , 20000.0000,    -5.0000, 22000.0000,     0.4450,   204.0544,   202.1436,   270.5966,   202.1436,    15.0000,     0.0000,     0.0000,     0.0000,     0.0000,     0.0000,     0.0398,    25.0000,     0.0000,     0.0000,    71.1928,    82.0000,   689.1428,    94.6925,    96.6099,  1605.3875,     0.2146,   963.4189,    72.9985,     5.0000,     0.0000,          E,          0,    0.41442,     6.0000,     3.6735,
Ilgas 27            , 20000.0000,    -5.0000, 22000.0000,     0.3677,   168.0934,   166.3841,   223.6273,     1.0000,    15.0000,     0.0000,     0.0000,     0.0000,     0.0000,     0.0000,     0.0503,    25.0000,     0.0000,     0.0000,    51.2040,    82.0000,   516.5409,    88.9395,    91.6219,  1154.6414,     0.2237,   868.7245,    63.5610,     5.0000,     0.0000,          E,          0,    0.46197,     6.0000,     3.6733,
Ilgas 27            , 20000.0000,    -5.0000, 22000.0000,     0.3921,   179.3972,   177.6131,   238.4337,     0.9900,    15.0000,     0.0000,     0.0000,     0.0000,     0.0000,     0.0000,     0.0457,    25.0000,     0.0000,     0.0000,    56.1825,    82.0000,   554.1326,    90.4385,    92.8128,  1266.9066,     0.2187,   891.5058,    65.3803,     5.0000,     0.0000,          E,          0,    0.45735,     6.0000,     3.6070,
Ilgas 27            , 20000.0000,    -5.0000, 22000.0000,     0.4450,   204.0543,   202.1436,   270.5963,   999.0000,    15.0000,     0.0000,     0.0000,     0.0000,     0.0000,     0.0000,     0.0398,    25.0000,     0.0000,     0.0000,    71.1926,    82.0000,   689.1406,    94.6925,    96.6098,  1605.3827,     0.2146,   963.4179,    72.9983,     5.0000,     0.0000,          E,          0,    0.41442,     6.0000,     3.6735,
