                CASE,         ZP,        ISA,     WEIGHT,       MACH,        IAS,        CAS,        TAS, SPEED_CODE,       WIND,       TIME,       FUEL,       DIST,       RATE,       GRDT,         CD,         CG,      FLAPS,      LGEAR,         TQ,         NP,        WFE,         NL,         NH,        SHP,        SFC,        ITT,        PLA,         RC,     ENGOUT,    AIRCOND,      ICING,         SR,         CI,       COST,
                    ,       (FT),     (DG.C),       (KG),           ,       (KT),       (KT),       (KT),           ,       (KT),       (MN),       (KG),       (NM),    (FT/MN),      (DEG),           ,        (%),           ,           ,        (%),        (%),     (KG/H),        (%),        (%),       (HP),  (KG/H/HP),     (DG.C),      (DEG),           ,           ,           ,           ,    (NM/KG),    (KG/MN),    (KG/NM),
Trumpas 18          , 16000.0000,     5.0000, 22000.0000,     0.2807,   138.6452,   137.2992,   176.8613,   137.2992,   -15.0000,     0.0000,     0.0000,     0.0000,     0.0000,     0.0000,     0.0759,    25.0000,     0.0000,     0.0000,    43.1511,    82.0000,   484.5619,    86.1842,    90.6515,   973.0506,     0.2490,   847.7673,    58.9531,     5.0000,     0.0000,          E,          0,    0.33404,     6.0000,     5.2178,
Trumpas 18          , 16000.0000,     5.0000, 22000.0000,     0.2893,   143.0000,   141.5686,   182.3105,   141.5686,   -15.0000,     0.0000,     0.0000,     0.0000,     0.0000,     0.0000,     0.0703,    25.0000,     0.0000,     0.0000,    43.6735,    82.0000,   488.5293,    86.3372,    90.7795,   984.8312,     0.2480,   849.8115,    59.0937,     5.0000,     0.0000,          E,          0,    0.34248,     6.0000,     5.0716,
Trumpas 18          , 16000.0000,     5.0000, 22000.0000,     0.2993,   148.0000,   146.4706,   188.5622,   146.4706,   -15.0000,     0.0000,     0.0000,     0.0000,     0.0000,     0.0000,     0.0649,    25.0000,     0.0000,     0.0000,    44.3633,    82.0000,   493.2983,    86.5046,    90.9226,  1000.3851,     0.2466,   852.0649,    59.2907,     5.0000,     0.0000,          E,          0,    0.35184,     6.0000,     4.9164,
Trumpas 18          , 16000.0000,     5.0000, 22000.0000,     0.3092,   153.0000,   151.3907,   194.8307,   151.3907,   -15.0000,     0.0000,     0.0000,     0.0000,     0.0000,     0.0000,     0.0603,    25.0000,     0.0000,     0.0000,    45.2359,    82.0000,   499.5067,    86.6845,    91.1090,  1020.0617,     0.2448,   855.3328,    59.5641,     5.0000,     0.0000,          E,          0,    0.36002,     6.0000,     4.7795,
Trumpas 18          , 16000.0000,     5.0000, 22000.0000,     0.3192,   158.0000,   156.3576,   201.1532,   156.3576,   -15.0000,     0.0000,     0.0000,     0.0000,     0.0000,     0.0000,     0.0564,    25.0000,     0.0000,     0.0000,    46.4079,    82.0000,   508.1143,    86.9600,    91.3629,  1046.4913,     0.2428,   859.7702,    59.9648,     5.0000,     0.0000,          E,          0,    0.36636,     6.0000,     4.6634,
Trumpas 18          , 16000.0000,     5.0000, 22000.0000,     0.3293,   163.0000,   161.3245,   207.4684,   161.3245,   -15.0000,     0.0000,     0.0000,     0.0000,     0.0000,     0.0000,     0.0531,    25.0000,     0.0000,     0.0000,    47.8188,    82.0000,   518.6100,    87.3035,    91.6624,  1078.3059,     0.2405,   864.9798,    60.4649,     5.0000,     0.0000,          E,          0,    0.37112,     6.0000,     4.5650,
Trumpas 18          , 16000.0000,     5.0000, 22000.0000,     0.3393,   168.0000,   166.2914,   213.7775,   166.2914,   -15.0000,     0.0000,     0.0000,     0.0000,     0.0000,     0.0000,     0.0502,    25.0000,     0.0000,     0.0000,    49.4397,    82.0000,   530.7708,    87.7013,    91.9983,  1114.8582,     0.2380,   870.8076,    61.0499,     5.0000,     0.0000,          E,          0,    0.37451,     6.0000,     4.4812,
Trumpas 18          , 16000.0000,     5.0000, 22000.0000,     0.3493,   173.0000,   171.2583,   220.0794,   171.2583,   -15.0000,     0.0000,     0.0000,     0.0000,     0.0000,     0.0000,     0.0480,    25.0000,     0.0000,     0.0000,    51.3451,    82.0000,   545.1469,    88.2007,    92.3830,  1157.8243,     0.2354,   877.5448,    61.7515,     5.0000,     0.0000,          E,          0,    0.37619,     6.0000,     4.4136,
Trumpas 18          , 16000.0000,     5.0000, 22000.0000,     0.3593,   178.0000,   176.2252,   226.3746,   176.2252,   -15.0000,     0.0000,     0.0000,     0.0000,     0.0000,     0.0000,     0.0460,    25.0000,     0.0000,     0.0000,    53.5090,    82.0000,   561.3536,    88.8419,    92.8177,  1206.6195,     0.2326,   885.4338,    62.5563,     5.0000,     0.0000,          E,          0,    0.37654,     6.0000,     4.3589,
Trumpas 18          , 16000.0000,     5.0000, 22000.0000,     0.3693,   183.0000,   181.1941,   232.6648,   181.1941,   -15.0000,     0.0000,     0.0000,     0.0000,     0.0000,     0.0000,     0.0444,    25.0000,     0.0000,     0.0000,    55.9514,    82.0000,   580.4403,    89.6077,    93.3285,  1261.6952,     0.2300,   894.8566,    63.4714,     5.0000,     0.0000,          E,          0,    0.37500,     6.0000,     4.3206,
Trumpas 18          , 16000.0000,     5.0000, 22000.0000,     0.3792,   188.0000,   186.1691,   238.9553,   186.1691,   -15.0000,     0.0000,     0.0000,     0.0000,     0.0000,     0.0000,     0.0430,    25.0000,     0.0000,     0.0000,    58.6528,    82.0000,   601.5851,    90.4491,    93.8881,  1322.6106,     0.2274,   905.3476,    64.4859,     5.0000,     0.0000,          E,          0,    0.37228,     6.0000,     4.2936,
Trumpas 18          , 16000.0000,     5.0000, 22000.0000,     0.3892,   193.0000,   191.1443,   245.2393,   191.1443,   -15.0000,     0.0000,     0.0000,     0.0000,     0.0000,     0.0000,     0.0417,    25.0000,     0.0000,     0.0000,    61.4574,    82.0000,   623.5197,    91.2655,    94.4609,  1385.8549,     0.2250,   916.1818,    65.5299,     5.0000,     0.0000,          E,          0,    0.36926,     6.0000,     4.2717,
Trumpas 18          , 16000.0000,     5.0000, 22000.0000,     0.3992,   198.0000,   196.1194,   251.5154,   196.1194,   -15.0000,     0.0000,     0.0000,     0.0000,     0.0000,     0.0000,     0.0407,    25.0000,     0.0000,     0.0000,    64.5683,    82.0000,   647.6317,    92.1529,    95.0847,  1456.0038,     0.2224,   928.0681,    66.6910,     5.0000,     0.0000,          E,          0,    0.36520,     6.0000,     4.2603,
Trumpas 18          , 16000.0000,     5.0000, 22000.0000,     0.4091,   203.0000,   201.0946,   257.7834,   201.0946,   -15.0000,     0.0000,     0.0000,     0.0000,     0.0000,     0.0000,     0.0398,    25.0000,     0.0000,     0.0000,    67.9199,    82.0000,   673.4650,    93.1383,    95.7434,  1531.5824,     0.2199,   939.9039,    67.9504,     5.0000,     0.0000,          E,          0,    0.36050,     6.0000,     4.2567,
Trumpas 18          , 16000.0000,     5.0000, 22000.0000,     0.4191,   208.0000,   206.0697,   264.0441,   206.0697,   -15.0000,     0.0000,     0.0000,     0.0000,     0.0000,     0.0000,     0.0391,    25.0000,     0.0000,     0.0000,    71.5232,    82.0000,   701.8897,    94.0144,    96.4584,  1612.8364,     0.2176,   953.7164,    69.6625,     5.0000,     0.0000,          E,          0,    0.35482,     6.0000,     4.2639,
Trumpas 18          , 16000.0000,     5.0000, 22000.0000,     0.4290,   213.0000,   211.0448,   270.2964,   211.0448,   -15.0000,     0.0000,     0.0000,     0.0000,     0.0000,     0.0000,     0.0384,    25.0000,     0.0000,     0.0000,    75.3491,    82.0000,   735.2892,    94.9833,    97.2457,  1699.1091,     0.2164,   968.9350,    72.6385,     5.0000,     0.0000,          E,          0,    0.34721,     6.0000,     4.2903,
Trumpas 18          , 16000.0000,     5.0000, 22000.0000,     0.4302,   213.5996,   211.6414,   271.0456,   211.6414,   -15.0000,     0.0000,     0.0000,     0.0000,     0.0000,     0.0000,     0.0383,    25.0000,     0.0000,     0.0000,    75.8154,    82.0000,   739.3601,    95.0959,    97.3406,  1709.6257,     0.2162,   970.7812,    72.9980,     5.0000,     0.0000,          E,          0,    0.34631,     6.0000,     4.2936,
Trumpas 18          , 16000.0000,     5.0000, 22000.0000,     0.3579,   177.3037,   175.5335,   225.4982,     1.0000,   -15.0000,     0.0000,     0.0000,     0.0000,     0.0000,     0.0000,     0.0463,    25.0000,     0.0000,     0.0000,    53.1962,    82.0000,   558.9894,    88.7477,    92.7543,  1199.5657,     0.2330,   884.2731,    62.4399,     5.0000,     0.0000,          E,          0,    0.37657,     6.0000,     4.3658,
Trumpas 18          , 16000.0000,     5.0000, 22000.0000,     0.3775,   187.1446,   185.3180,   237.8799,     0.9900,   -15.0000,     0.0000,     0.0000,     0.0000,     0.0000,     0.0000,     0.0432,    25.0000,     0.0000,     0.0000,    58.1755,    82.0000,   597.8482,    90.3011,    93.7897,  1311.8474,     0.2279,   903.4896,    64.3067,     5.0000,     0.0000,          E,          0,    0.37280,     6.0000,     4.2976,
Trumpas 18          , 16000.0000,     5.0000, 22000.0000,     0.4302,   213.5996,   211.6414,   271.0462,   999.0000,   -15.0000,     0.0000,     0.0000,     0.0000,     0.0000,     0.0000,     0.0383,    25.0000,     0.0000,     0.0000,    75.8158,    82.0000,   739.3633,    95.0960,    97.3407,  1709.6340,     0.2162,   970.7827,    72.9984,     5.0000,     0.0000,          E,          0,    0.34631,     6.0000,     4.2936,
