                CASE,         ZP,        ISA,     WEIGHT,       MACH,        IAS,        CAS,        TAS, SPEED_CODE,       WIND,       TIME,       FUEL,       DIST,       RATE,       GRDT,         CD,         CG,      FLAPS,      LGEAR,         TQ,         NP,        WFE,         NL,         NH,        SHP,        SFC,        ITT,        PLA,         RC,     ENGOUT,    AIRCOND,      ICING,         SR,         CI,       COST,
                    ,       (FT),     (DG.C),       (KG),           ,       (KT),       (KT),       (KT),           ,       (KT),       (MN),       (KG),       (NM),    (FT/MN),      (DEG),           ,        (%),           ,           ,        (%),        (%),     (KG/H),        (%),        (%),       (HP),  (KG/H/HP),     (DG.C),      (DEG),           ,           ,           ,           ,    (NM/KG),    (KG/MN),    (KG/NM),
Trumpas 25          , 16000.0000,     5.0000, 20000.0000,     0.2677,   132.0882,   130.8708,   168.6480,   130.8708,   -15.0000,     0.0000,     0.0000,     0.0000,     0.0000,     0.0000,     0.0762,    25.0000,     0.0000,     0.0000,    37.6422,    82.0000,   440.7148,    84.2624,    89.2976,   848.8256,     0.2596,   825.4727,    57.0393,     5.0000,     0.0000,          E,          0,    0.34863,     6.0000,     5.2114,
Trumpas 25          , 16000.0000,     5.0000, 20000.0000,     0.2774,   137.0000,   135.6863,   174.8015,   135.6863,   -15.0000,     0.0000,     0.0000,     0.0000,     0.0000,     0.0000,     0.0697,    25.0000,     0.0000,     0.0000,    38.1297,    82.0000,   445.3347,    84.5011,    89.4940,   859.8197,     0.2590,   828.5613,    57.1250,     5.0000,     0.0000,          E,          0,    0.35883,     6.0000,     5.0396,
Trumpas 25          , 16000.0000,     5.0000, 20000.0000,     0.2874,   142.0000,   140.5882,   181.0595,   140.5882,   -15.0000,     0.0000,     0.0000,     0.0000,     0.0000,     0.0000,     0.0641,    25.0000,     0.0000,     0.0000,    38.8655,    82.0000,   451.4308,    84.7878,    89.7244,   876.4112,     0.2575,   832.2068,    57.2814,     5.0000,     0.0000,          E,          0,    0.36785,     6.0000,     4.8864,
Trumpas 25          , 16000.0000,     5.0000, 20000.0000,     0.2973,   147.0000,   145.4902,   187.3119,   145.4902,   -15.0000,     0.0000,     0.0000,     0.0000,     0.0000,     0.0000,     0.0596,    25.0000,     0.0000,     0.0000,    39.8525,    82.0000,   458.9531,    85.1116,    89.9807,   898.6666,     0.2554,   836.2802,    57.5090,     5.0000,     0.0000,          E,          0,    0.37545,     6.0000,     4.7527,
Trumpas 25          , 16000.0000,     5.0000, 20000.0000,     0.3072,   152.0000,   150.3973,   193.5665,   150.3973,   -15.0000,     0.0000,     0.0000,     0.0000,     0.0000,     0.0000,     0.0557,    25.0000,     0.0000,     0.0000,    40.8721,    82.0000,   466.2770,    85.3691,    90.2179,   921.6595,     0.2530,   840.2744,    57.7407,     5.0000,     0.0000,          E,          0,    0.38296,     6.0000,     4.6273,
Trumpas 25          , 16000.0000,     5.0000, 20000.0000,     0.3172,   157.0000,   155.3642,   199.8893,   155.3642,   -15.0000,     0.0000,     0.0000,     0.0000,     0.0000,     0.0000,     0.0523,    25.0000,     0.0000,     0.0000,    42.1469,    82.0000,   475.4963,    85.6719,    90.4904,   950.4068,     0.2502,   845.0155,    58.0634,     5.0000,     0.0000,          E,          0,    0.38883,     6.0000,     4.5189,
Trumpas 25          , 16000.0000,     5.0000, 20000.0000,     0.3273,   162.0000,   160.3311,   206.2059,   160.3311,   -15.0000,     0.0000,     0.0000,     0.0000,     0.0000,     0.0000,     0.0496,    25.0000,     0.0000,     0.0000,    43.7858,    82.0000,   487.4752,    86.0483,    90.8123,   987.3629,     0.2469,   850.5829,    58.6760,     5.0000,     0.0000,          E,          0,    0.39224,     6.0000,     4.4323,
Trumpas 25          , 16000.0000,     5.0000, 20000.0000,     0.3373,   167.0000,   165.2980,   212.5163,   165.2980,   -15.0000,     0.0000,     0.0000,     0.0000,     0.0000,     0.0000,     0.0473,    25.0000,     0.0000,     0.0000,    45.7765,    82.0000,   502.2234,    86.5146,    91.1943,  1032.2531,     0.2433,   857.1658,    59.4364,     5.0000,     0.0000,          E,          0,    0.39328,     6.0000,     4.3653,
Trumpas 25          , 16000.0000,     5.0000, 20000.0000,     0.3473,   172.0000,   170.2649,   218.8188,   170.2649,   -15.0000,     0.0000,     0.0000,     0.0000,     0.0000,     0.0000,     0.0454,    25.0000,     0.0000,     0.0000,    47.7985,    82.0000,   517.5317,    87.0489,    91.6218,  1077.8474,     0.2401,   864.5431,    60.1993,     5.0000,     0.0000,          E,          0,    0.39383,     6.0000,     4.3054,
Trumpas 25          , 16000.0000,     5.0000, 20000.0000,     0.3573,   177.0000,   175.2318,   225.1157,   175.2318,   -15.0000,     0.0000,     0.0000,     0.0000,     0.0000,     0.0000,     0.0438,    25.0000,     0.0000,     0.0000,    50.0929,    82.0000,   534.8607,    87.6802,    92.0926,  1129.5858,     0.2368,   872.7193,    61.0713,     5.0000,     0.0000,          E,          0,    0.39284,     6.0000,     4.2589,
Trumpas 25          , 16000.0000,     5.0000, 20000.0000,     0.3673,   182.0000,   180.1991,   231.4058,   180.1991,   -15.0000,     0.0000,     0.0000,     0.0000,     0.0000,     0.0000,     0.0424,    25.0000,     0.0000,     0.0000,    52.6149,    82.0000,   553.8697,    88.4327,    92.6042,  1186.4567,     0.2334,   881.9244,    62.0307,     5.0000,     0.0000,          E,          0,    0.39072,     6.0000,     4.2229,
Trumpas 25          , 16000.0000,     5.0000, 20000.0000,     0.3772,   187.0000,   185.1742,   237.6983,   185.1742,   -15.0000,     0.0000,     0.0000,     0.0000,     0.0000,     0.0000,     0.0412,    25.0000,     0.0000,     0.0000,    55.3775,    82.0000,   575.1948,    89.2936,    93.1738,  1248.7540,     0.2303,   892.4200,    63.0813,     5.0000,     0.0000,          E,          0,    0.38717,     6.0000,     4.1994,
Trumpas 25          , 16000.0000,     5.0000, 20000.0000,     0.3872,   192.0000,   190.1493,   243.9827,   190.1493,   -15.0000,     0.0000,     0.0000,     0.0000,     0.0000,     0.0000,     0.0402,    25.0000,     0.0000,     0.0000,    58.3633,    82.0000,   598.6445,    90.2314,    93.7932,  1316.0836,     0.2274,   904.0394,    64.2140,     5.0000,     0.0000,          E,          0,    0.38250,     6.0000,     4.1865,
Trumpas 25          , 16000.0000,     5.0000, 20000.0000,     0.3972,   197.0000,   195.1244,   250.2610,   195.1244,   -15.0000,     0.0000,     0.0000,     0.0000,     0.0000,     0.0000,     0.0394,    25.0000,     0.0000,     0.0000,    61.5483,    82.0000,   623.6494,    91.1810,    94.4454,  1387.9044,     0.2247,   916.3752,    65.4165,     5.0000,     0.0000,          E,          0,    0.37723,     6.0000,     4.1811,
Trumpas 25          , 16000.0000,     5.0000, 20000.0000,     0.4071,   202.0000,   200.0995,   256.5305,   200.0995,   -15.0000,     0.0000,     0.0000,     0.0000,     0.0000,     0.0000,     0.0386,    25.0000,     0.0000,     0.0000,    64.9359,    82.0000,   649.5679,    92.1699,    95.1067,  1464.2939,     0.2218,   928.3447,    66.6948,     5.0000,     0.0000,          E,          0,    0.37183,     6.0000,     4.1799,
Trumpas 25          , 16000.0000,     5.0000, 20000.0000,     0.4171,   207.0000,   205.0747,   262.7932,   205.0747,   -15.0000,     0.0000,     0.0000,     0.0000,     0.0000,     0.0000,     0.0380,    25.0000,     0.0000,     0.0000,    68.6378,    82.0000,   678.2167,    93.2515,    95.8378,  1547.7714,     0.2191,   941.5300,    68.1131,     5.0000,     0.0000,          E,          0,    0.36536,     6.0000,     4.1899,
Trumpas 25          , 16000.0000,     5.0000, 20000.0000,     0.4270,   212.0000,   210.0497,   269.0468,   210.0497,   -15.0000,     0.0000,     0.0000,     0.0000,     0.0000,     0.0000,     0.0375,    25.0000,     0.0000,     0.0000,    72.5755,    82.0000,   710.1147,    94.2233,    96.6298,  1636.5653,     0.2170,   956.8545,    70.2869,     5.0000,     0.0000,          E,          0,    0.35775,     6.0000,     4.2123,
Trumpas 25          , 16000.0000,     5.0000, 20000.0000,     0.4358,   216.4420,   214.4697,   274.5962,   214.4697,   -15.0000,     0.0000,     0.0000,     0.0000,     0.0000,     0.0000,     0.0370,    25.0000,     0.0000,     0.0000,    76.0811,    82.0000,   740.7338,    95.1063,    97.3459,  1715.6158,     0.2159,   970.6892,    72.9979,     5.0000,     0.0000,          E,          0,    0.35046,     6.0000,     4.2402,
Trumpas 25          , 16000.0000,     5.0000, 20000.0000,     0.3451,   170.8983,   169.1705,   217.4313,     1.0000,   -15.0000,     0.0000,     0.0000,     0.0000,     0.0000,     0.0000,     0.0458,    25.0000,     0.0000,     0.0000,    47.3278,    82.0000,   513.9601,    86.9249,    91.5234,  1067.2350,     0.2408,   862.8463,    60.0210,     5.0000,     0.0000,          E,          0,    0.39387,     6.0000,     4.3173,
Trumpas 25          , 16000.0000,     5.0000, 20000.0000,     0.3704,   183.5759,   181.7670,   233.3892,     0.9900,   -15.0000,     0.0000,     0.0000,     0.0000,     0.0000,     0.0000,     0.0420,    25.0000,     0.0000,     0.0000,    53.4388,    82.0000,   560.0770,    88.6825,    92.7703,  1205.0363,     0.2324,   884.9687,    62.3428,     5.0000,     0.0000,          E,          0,    0.38993,     6.0000,     4.2130,
Trumpas 25          , 16000.0000,     5.0000, 20000.0000,     0.4358,   216.4420,   214.4697,   274.5964,   999.0000,   -15.0000,     0.0000,     0.0000,     0.0000,     0.0000,     0.0000,     0.0370,    25.0000,     0.0000,     0.0000,    76.0812,    82.0000,   740.7347,    95.1063,    97.3459,  1715.6185,     0.2159,   970.6898,    72.9980,     5.0000,     0.0000,          E,          0,    0.35046,     6.0000,     4.2402,
