                CASE,         ZP,        ISA,     WEIGHT,       MACH,        IAS,        CAS,        TAS, SPEED_CODE,       WIND,       TIME,       FUEL,       DIST,       RATE,       GRDT,         CD,         CG,      FLAPS,      LGEAR,         TQ,         NP,        WFE,         NL,         NH,        SHP,        SFC,        ITT,        PLA,         RC,     ENGOUT,    AIRCOND,      ICING,         SR,         CI,       COST,
                    ,       (FT),     (DG.C),       (KG),           ,       (KT),       (KT),       (KT),           ,       (KT),       (MN),       (KG),       (NM),    (FT/MN),      (DEG),           ,        (%),           ,           ,        (%),        (%),     (KG/H),        (%),        (%),       (HP),  (KG/H/HP),     (DG.C),      (DEG),           ,           ,           ,           ,    (NM/KG),    (KG/MN),    (KG/NM),
Trumpas 27          , 16000.0000,     5.0000, 20000.0000,     0.2677,   132.0882,   130.8708,   168.6480,   130.8708,    15.0000,     0.0000,     0.0000,     0.0000,     0.0000,     0.0000,     0.0762,    25.0000,     0.0000,     0.0000,    37.6422,    82.0000,   440.7148,    84.2624,    89.2976,   848.8256,     0.2596,   825.4727,    57.0393,     5.0000,     0.0000,          E,          0,    0.41670,     6.0000,     4.3601,
Trumpas 27          , 16000.0000,     5.0000, 20000.0000,     0.2774,   137.0000,   135.6863,   174.8015,   135.6863,    15.0000,     0.0000,     0.0000,     0.0000,     0.0000,     0.0000,     0.0697,    25.0000,     0.0000,     0.0000,    38.1297,    82.0000,   445.3347,    84.5011,    89.4940,   859.8197,     0.2590,   828.5613,    57.1250,     5.0000,     0.0000,          E,          0,    0.42620,     6.0000,     4.2430,
Trumpas 27          , 16000.0000,     5.0000, 20000.0000,     0.2874,   142.0000,   140.5882,   181.0595,   140.5882,    15.0000,     0.0000,     0.0000,     0.0000,     0.0000,     0.0000,     0.0641,    25.0000,     0.0000,     0.0000,    38.8655,    82.0000,   451.4308,    84.7878,    89.7244,   876.4112,     0.2575,   832.2068,    57.2814,     5.0000,     0.0000,          E,          0,    0.43431,     6.0000,     4.1387,
Trumpas 27          , 16000.0000,     5.0000, 20000.0000,     0.2973,   147.0000,   145.4902,   187.3119,   145.4902,    15.0000,     0.0000,     0.0000,     0.0000,     0.0000,     0.0000,     0.0596,    25.0000,     0.0000,     0.0000,    39.8525,    82.0000,   458.9531,    85.1116,    89.9807,   898.6666,     0.2554,   836.2802,    57.5090,     5.0000,     0.0000,          E,          0,    0.44081,     6.0000,     4.0480,
Trumpas 27          , 16000.0000,     5.0000, 20000.0000,     0.3072,   152.0000,   150.3973,   193.5665,   150.3973,    15.0000,     0.0000,     0.0000,     0.0000,     0.0000,     0.0000,     0.0557,    25.0000,     0.0000,     0.0000,    40.8721,    82.0000,   466.2770,    85.3691,    90.2179,   921.6595,     0.2530,   840.2744,    57.7407,     5.0000,     0.0000,          E,          0,    0.44730,     6.0000,     3.9617,
Trumpas 27          , 16000.0000,     5.0000, 20000.0000,     0.3172,   157.0000,   155.3642,   199.8893,   155.3642,    15.0000,     0.0000,     0.0000,     0.0000,     0.0000,     0.0000,     0.0523,    25.0000,     0.0000,     0.0000,    42.1469,    82.0000,   475.4963,    85.6719,    90.4904,   950.4068,     0.2502,   845.0155,    58.0634,     5.0000,     0.0000,          E,          0,    0.45193,     6.0000,     3.8880,
Trumpas 27          , 16000.0000,     5.0000, 20000.0000,     0.3273,   162.0000,   160.3311,   206.2059,   160.3311,    15.0000,     0.0000,     0.0000,     0.0000,     0.0000,     0.0000,     0.0496,    25.0000,     0.0000,     0.0000,    43.7858,    82.0000,   487.4752,    86.0483,    90.8123,   987.3629,     0.2469,   850.5829,    58.6760,     5.0000,     0.0000,          E,          0,    0.45378,     6.0000,     3.8312,
Trumpas 27          , 16000.0000,     5.0000, 20000.0000,     0.3373,   167.0000,   165.2980,   212.5163,   165.2980,    15.0000,     0.0000,     0.0000,     0.0000,     0.0000,     0.0000,     0.0473,    25.0000,     0.0000,     0.0000,    45.7765,    82.0000,   502.2234,    86.5146,    91.1943,  1032.2531,     0.2433,   857.1658,    59.4364,     5.0000,     0.0000,          E,          0,    0.45302,     6.0000,     3.7897,
Trumpas 27          , 16000.0000,     5.0000, 20000.0000,     0.3473,   172.0000,   170.2649,   218.8188,   170.2649,    15.0000,     0.0000,     0.0000,     0.0000,     0.0000,     0.0000,     0.0454,    25.0000,     0.0000,     0.0000,    47.7985,    82.0000,   517.5317,    87.0489,    91.6218,  1077.8474,     0.2401,   864.5431,    60.1993,     5.0000,     0.0000,          E,          0,    0.45180,     6.0000,     3.7530,
Trumpas 27          , 16000.0000,     5.0000, 20000.0000,     0.3573,   177.0000,   175.2318,   225.1157,   175.2318,    15.0000,     0.0000,     0.0000,     0.0000,     0.0000,     0.0000,     0.0438,    25.0000,     0.0000,     0.0000,    50.0929,    82.0000,   534.8607,    87.6802,    92.0926,  1129.5858,     0.2368,   872.7193,    61.0713,     5.0000,     0.0000,          E,          0,    0.44893,     6.0000,     3.7268,
Trumpas 27          , 16000.0000,     5.0000, 20000.0000,     0.3673,   182.0000,   180.1991,   231.4058,   180.1991,    15.0000,     0.0000,     0.0000,     0.0000,     0.0000,     0.0000,     0.0424,    25.0000,     0.0000,     0.0000,    52.6149,    82.0000,   553.8697,    88.4327,    92.6042,  1186.4567,     0.2334,   881.9244,    62.0307,     5.0000,     0.0000,          E,          0,    0.44488,     6.0000,     3.7088,
Trumpas 27          , 16000.0000,     5.0000, 20000.0000,     0.3772,   187.0000,   185.1742,   237.6983,   185.1742,    15.0000,     0.0000,     0.0000,     0.0000,     0.0000,     0.0000,     0.0412,    25.0000,     0.0000,     0.0000,    55.3775,    82.0000,   575.1948,    89.2936,    93.1738,  1248.7540,     0.2303,   892.4200,    63.0813,     5.0000,     0.0000,          E,          0,    0.43933,     6.0000,     3.7008,
Trumpas 27          , 16000.0000,     5.0000, 20000.0000,     0.3872,   192.0000,   190.1493,   243.9827,   190.1493,    15.0000,     0.0000,     0.0000,     0.0000,     0.0000,     0.0000,     0.0402,    25.0000,     0.0000,     0.0000,    58.3633,    82.0000,   598.6445,    90.2314,    93.7932,  1316.0836,     0.2274,   904.0394,    64.2140,     5.0000,     0.0000,          E,          0,    0.43262,     6.0000,     3.7016,
Trumpas 27          , 16000.0000,     5.0000, 20000.0000,     0.3972,   197.0000,   195.1244,   250.2610,   195.1244,    15.0000,     0.0000,     0.0000,     0.0000,     0.0000,     0.0000,     0.0394,    25.0000,     0.0000,     0.0000,    61.5483,    82.0000,   623.6494,    91.1810,    94.4454,  1387.9044,     0.2247,   916.3752,    65.4165,     5.0000,     0.0000,          E,          0,    0.42534,     6.0000,     3.7082,
Trumpas 27          , 16000.0000,     5.0000, 20000.0000,     0.4071,   202.0000,   200.0995,   256.5305,   200.0995,    15.0000,     0.0000,     0.0000,     0.0000,     0.0000,     0.0000,     0.0386,    25.0000,     0.0000,     0.0000,    64.9359,    82.0000,   649.5679,    92.1699,    95.1067,  1464.2939,     0.2218,   928.3447,    66.6948,     5.0000,     0.0000,          E,          0,    0.41802,     6.0000,     3.7181,
Trumpas 27          , 16000.0000,     5.0000, 20000.0000,     0.4171,   207.0000,   205.0747,   262.7932,   205.0747,    15.0000,     0.0000,     0.0000,     0.0000,     0.0000,     0.0000,     0.0380,    25.0000,     0.0000,     0.0000,    68.6378,    82.0000,   678.2167,    93.2515,    95.8378,  1547.7714,     0.2191,   941.5300,    68.1131,     5.0000,     0.0000,          E,          0,    0.40959,     6.0000,     3.7374,
Trumpas 27          , 16000.0000,     5.0000, 20000.0000,     0.4270,   212.0000,   210.0497,   269.0468,   210.0497,    15.0000,     0.0000,     0.0000,     0.0000,     0.0000,     0.0000,     0.0375,    25.0000,     0.0000,     0.0000,    72.5755,    82.0000,   710.1147,    94.2233,    96.6298,  1636.5653,     0.2170,   956.8545,    70.2869,     5.0000,     0.0000,          E,          0,    0.40000,     6.0000,     3.7674,
Trumpas 27          , 16000.0000,     5.0000, 20000.0000,     0.4358,   216.4420,   214.4697,   274.5962,   214.4697,    15.0000,     0.0000,     0.0000,     0.0000,     0.0000,     0.0000,     0.0370,    25.0000,     0.0000,     0.0000,    76.0811,    82.0000,   740.7338,    95.1063,    97.3459,  1715.6158,     0.2159,   970.6892,    72.9979,     5.0000,     0.0000,          E,          0,    0.39096,     6.0000,     3.8009,
Trumpas 27          , 16000.0000,     5.0000, 20000.0000,     0.3278,   162.2608,   160.5902,   206.5347,     1.0000,    15.0000,     0.0000,     0.0000,     0.0000,     0.0000,     0.0000,     0.0494,    25.0000,     0.0000,     0.0000,    43.8842,    82.0000,   488.1976,    86.0706,    90.8308,   989.5809,     0.2467,   850.9022,    58.7135,     5.0000,     0.0000,          E,          0,    0.45378,     6.0000,     3.8287,
Trumpas 27          , 16000.0000,     5.0000, 20000.0000,     0.3563,   176.5355,   174.7704,   224.5309,     0.9900,    15.0000,     0.0000,     0.0000,     0.0000,     0.0000,     0.0000,     0.0439,    25.0000,     0.0000,     0.0000,    49.8711,    82.0000,   533.1871,    87.6184,    92.0473,  1124.5856,     0.2371,   871.9286,    60.9870,     5.0000,     0.0000,          E,          0,    0.44924,     6.0000,     3.7289,
Trumpas 27          , 16000.0000,     5.0000, 20000.0000,     0.4358,   216.4420,   214.4697,   274.5964,   999.0000,    15.0000,     0.0000,     0.0000,     0.0000,     0.0000,     0.0000,     0.0370,    25.0000,     0.0000,     0.0000,    76.0812,    82.0000,   740.7347,    95.1063,    97.3459,  1715.6185,     0.2159,   970.6898,    72.9980,     5.0000,     0.0000,          E,          0,    0.39096,     6.0000,     3.8009,
