                CASE,         ZP,        ISA,     WEIGHT,       MACH,        IAS,        CAS,        TAS, SPEED_CODE,       WIND,       TIME,       FUEL,       DIST,       RATE,       GRDT,         CD,         CG,      FLAPS,      LGEAR,         TQ,         NP,        WFE,         NL,         NH,        SHP,        SFC,        ITT,        PLA,         RC,     ENGOUT,    AIRCOND,      ICING,         SR,         CI,       COST,
                    ,       (FT),     (DG.C),       (KG),           ,       (KT),       (KT),       (KT),           ,       (KT),       (MN),       (KG),       (NM),    (FT/MN),      (DEG),           ,        (%),           ,           ,        (%),        (%),     (KG/H),        (%),        (%),       (HP),  (KG/H/HP),     (DG.C),      (DEG),           ,           ,           ,           ,    (NM/KG),    (KG/MN),    (KG/NM),
Vidutinis 20        , 18000.0000,    -5.0000, 22000.0000,     0.2924,   138.7285,   137.3809,   179.2206,   137.3809,   -15.0000,     0.0000,     0.0000,     0.0000,     0.0000,     0.0000,     0.0757,    25.0000,     0.0000,     0.0000,    43.5414,    82.0000,   471.3794,    85.7443,    89.4874,   981.8511,     0.2400,   830.9863,    59.5219,     5.0000,     0.0000,          E,          0,    0.34838,     6.0000,     5.0626,
Vidutinis 20        , 18000.0000,    -5.0000, 22000.0000,     0.3012,   143.0000,   141.5686,   184.6248,   141.5686,   -15.0000,     0.0000,     0.0000,     0.0000,     0.0000,     0.0000,     0.0703,    25.0000,     0.0000,     0.0000,    44.0581,    82.0000,   474.5787,    85.8717,    89.6021,   993.5033,     0.2388,   832.7308,    59.6476,     5.0000,     0.0000,          E,          0,    0.35742,     6.0000,     4.9201,
Vidutinis 20        , 18000.0000,    -5.0000, 22000.0000,     0.3115,   148.0000,   146.4706,   190.9440,   146.4706,   -15.0000,     0.0000,     0.0000,     0.0000,     0.0000,     0.0000,     0.0648,    25.0000,     0.0000,     0.0000,    44.6437,    82.0000,   478.5717,    85.9543,    89.7180,  1006.7076,     0.2377,   834.8164,    59.7799,     5.0000,     0.0000,          E,          0,    0.36764,     6.0000,     4.7661,
Vidutinis 20        , 18000.0000,    -5.0000, 22000.0000,     0.3218,   153.0000,   151.3907,   197.2798,   151.3907,   -15.0000,     0.0000,     0.0000,     0.0000,     0.0000,     0.0000,     0.0602,    25.0000,     0.0000,     0.0000,    45.5359,    82.0000,   484.8977,    86.1530,    89.9053,  1026.8276,     0.2361,   838.0957,    60.0424,     5.0000,     0.0000,          E,          0,    0.37591,     6.0000,     4.6352,
Vidutinis 20        , 18000.0000,    -5.0000, 22000.0000,     0.3322,   158.0000,   156.3576,   203.6689,   156.3576,   -15.0000,     0.0000,     0.0000,     0.0000,     0.0000,     0.0000,     0.0564,    25.0000,     0.0000,     0.0000,    46.7232,    82.0000,   493.4692,    86.4555,    90.1571,  1053.6005,     0.2342,   842.4365,    60.4262,     5.0000,     0.0000,          E,          0,    0.38233,     6.0000,     4.5236,
Vidutinis 20        , 18000.0000,    -5.0000, 22000.0000,     0.3426,   163.0000,   161.3245,   210.0491,   161.3245,   -15.0000,     0.0000,     0.0000,     0.0000,     0.0000,     0.0000,     0.0530,    25.0000,     0.0000,     0.0000,    48.1234,    82.0000,   503.8797,    86.8345,    90.4566,  1085.1758,     0.2322,   847.5375,    60.8941,     5.0000,     0.0000,          E,          0,    0.38709,     6.0000,     4.4290,
Vidutinis 20        , 18000.0000,    -5.0000, 22000.0000,     0.3530,   168.0000,   166.2914,   216.4229,   166.2914,   -15.0000,     0.0000,     0.0000,     0.0000,     0.0000,     0.0000,     0.0501,    25.0000,     0.0000,     0.0000,    49.6548,    82.0000,   515.4797,    87.2821,    90.7913,  1119.7072,     0.2302,   853.3178,    61.4081,     5.0000,     0.0000,          E,          0,    0.39075,     6.0000,     4.3465,
Vidutinis 20        , 18000.0000,    -5.0000, 22000.0000,     0.3634,   173.0000,   171.2583,   222.7867,   171.2583,   -15.0000,     0.0000,     0.0000,     0.0000,     0.0000,     0.0000,     0.0479,    25.0000,     0.0000,     0.0000,    51.6116,    82.0000,   530.2915,    87.9312,    91.2318,  1163.8323,     0.2278,   861.2693,    62.0953,     5.0000,     0.0000,          E,          0,    0.39183,     6.0000,     4.2846,
Vidutinis 20        , 18000.0000,    -5.0000, 22000.0000,     0.3738,   178.0000,   176.2252,   229.1440,   176.2252,   -15.0000,     0.0000,     0.0000,     0.0000,     0.0000,     0.0000,     0.0460,    25.0000,     0.0000,     0.0000,    53.7714,    82.0000,   546.6615,    88.6141,    91.7140,  1212.5370,     0.2254,   870.0620,    62.8554,     5.0000,     0.0000,          E,          0,    0.39173,     6.0000,     4.2339,
Vidutinis 20        , 18000.0000,    -5.0000, 22000.0000,     0.3841,   183.0000,   181.1941,   235.4946,   181.1941,   -15.0000,     0.0000,     0.0000,     0.0000,     0.0000,     0.0000,     0.0443,    25.0000,     0.0000,     0.0000,    56.2241,    82.0000,   565.2557,    89.3746,    92.2554,  1267.8451,     0.2229,   879.9900,    63.7251,     5.0000,     0.0000,          E,          0,    0.39008,     6.0000,     4.1963,
Vidutinis 20        , 18000.0000,    -5.0000, 22000.0000,     0.3945,   188.0000,   186.1691,   241.8438,   186.1691,   -15.0000,     0.0000,     0.0000,     0.0000,     0.0000,     0.0000,     0.0429,    25.0000,     0.0000,     0.0000,    58.9271,    82.0000,   585.6688,    90.2125,    92.8473,  1328.7960,     0.2204,   890.9056,    64.6829,     5.0000,     0.0000,          E,          0,    0.38732,     6.0000,     4.1688,
Vidutinis 20        , 18000.0000,    -5.0000, 22000.0000,     0.4048,   193.0000,   191.1443,   248.1849,   191.1443,   -15.0000,     0.0000,     0.0000,     0.0000,     0.0000,     0.0000,     0.0417,    25.0000,     0.0000,     0.0000,    61.7257,    82.0000,   606.7595,    90.9907,    93.4542,  1391.9045,     0.2180,   902.3051,    65.6613,     5.0000,     0.0000,          E,          0,    0.38431,     6.0000,     4.1459,
Vidutinis 20        , 18000.0000,    -5.0000, 22000.0000,     0.4152,   198.0000,   196.1194,   254.5177,   196.1194,   -15.0000,     0.0000,     0.0000,     0.0000,     0.0000,     0.0000,     0.0407,    25.0000,     0.0000,     0.0000,    64.8340,    82.0000,   631.4229,    91.8232,    94.1343,  1461.9956,     0.2159,   914.9379,    66.7488,     5.0000,     0.0000,          E,          0,    0.37933,     6.0000,     4.1392,
Vidutinis 20        , 18000.0000,    -5.0000, 22000.0000,     0.4255,   203.0000,   201.0946,   260.8401,   201.0946,   -15.0000,     0.0000,     0.0000,     0.0000,     0.0000,     0.0000,     0.0398,    25.0000,     0.0000,     0.0000,    68.2118,    82.0000,   660.0328,    92.7291,    94.8894,  1538.1660,     0.2146,   929.0375,    67.9258,     5.0000,     0.0000,          E,          0,    0.37247,     6.0000,     4.1492,
Vidutinis 20        , 18000.0000,    -5.0000, 22000.0000,     0.4358,   208.0000,   206.0697,   267.1538,   206.0697,   -15.0000,     0.0000,     0.0000,     0.0000,     0.0000,     0.0000,     0.0391,    25.0000,     0.0000,     0.0000,    71.9255,    82.0000,   692.1915,    93.6141,    95.7216,  1621.9093,     0.2134,   944.9061,    69.4675,     5.0000,     0.0000,          E,          0,    0.36428,     6.0000,     4.1728,
Vidutinis 20        , 18000.0000,    -5.0000, 22000.0000,     0.4461,   213.0000,   211.0448,   273.4576,   211.0448,   -15.0000,     0.0000,     0.0000,     0.0000,     0.0000,     0.0000,     0.0384,    25.0000,     0.0000,     0.0000,    75.7303,    82.0000,   730.6590,    94.6240,    96.6622,  1707.7051,     0.2139,   962.9130,    72.2708,     5.0000,     0.0000,          E,          0,    0.35373,     6.0000,     4.2199,
Vidutinis 20        , 18000.0000,    -5.0000, 22000.0000,     0.4486,   214.2433,   212.2819,   275.0242,   212.2819,   -15.0000,     0.0000,     0.0000,     0.0000,     0.0000,     0.0000,     0.0382,    25.0000,     0.0000,     0.0000,    76.7234,    82.0000,   740.7267,    94.9062,    96.9069,  1730.1010,     0.2141,   967.6320,    72.9988,     5.0000,     0.0000,          E,          0,    0.35104,     6.0000,     4.2332,
Vidutinis 20        , 18000.0000,    -5.0000, 22000.0000,     0.3684,   175.4151,   173.6573,   225.8584,     1.0000,   -15.0000,     0.0000,     0.0000,     0.0000,     0.0000,     0.0000,     0.0470,    25.0000,     0.0000,     0.0000,    52.6257,    82.0000,   537.9750,    88.2587,    91.4587,  1186.7010,     0.2267,   865.3915,    62.4519,     5.0000,     0.0000,          E,          0,    0.39195,     6.0000,     4.2587,
Vidutinis 20        , 18000.0000,    -5.0000, 22000.0000,     0.3919,   186.7581,   184.9334,   240.2676,     0.9900,   -15.0000,     0.0000,     0.0000,     0.0000,     0.0000,     0.0000,     0.0433,    25.0000,     0.0000,     0.0000,    58.2552,    82.0000,   580.5435,    90.0011,    92.6982,  1313.6450,     0.2210,   888.1435,    64.4466,     5.0000,     0.0000,          E,          0,    0.38803,     6.0000,     4.1752,
Vidutinis 20        , 18000.0000,    -5.0000, 22000.0000,     0.4486,   214.2432,   212.2818,   275.0241,   999.0000,   -15.0000,     0.0000,     0.0000,     0.0000,     0.0000,     0.0000,     0.0382,    25.0000,     0.0000,     0.0000,    76.7233,    82.0000,   740.7259,    94.9062,    96.9069,  1730.0990,     0.2141,   967.6317,    72.9987,     5.0000,     0.0000,          E,          0,    0.35104,     6.0000,     4.2332,
