                CASE,         ZP,        ISA,     WEIGHT,       MACH,        IAS,        CAS,        TAS, SPEED_CODE,       WIND,       TIME,       FUEL,       DIST,       RATE,       GRDT,         CD,         CG,      FLAPS,      LGEAR,         TQ,         NP,        WFE,         NL,         NH,        SHP,        SFC,        ITT,        PLA,         RC,     ENGOUT,    AIRCOND,      ICING,         SR,         CI,       COST,
                    ,       (FT),     (DG.C),       (KG),           ,       (KT),       (KT),       (KT),           ,       (KT),       (MN),       (KG),       (NM),    (FT/MN),      (DEG),           ,        (%),           ,           ,        (%),        (%),     (KG/H),        (%),        (%),       (HP),  (KG/H/HP),     (DG.C),      (DEG),           ,           ,           ,           ,    (NM/KG),    (KG/MN),    (KG/NM),
Vidutinis 4         , 18000.0000,    -5.0000, 21000.0000,     0.2856,   135.4823,   134.1983,   175.1102,   134.1983,     0.0000,     0.0000,     0.0000,     0.0000,     0.0000,     0.0000,     0.0759,    25.0000,     0.0000,     0.0000,    40.6955,    82.0000,   449.7487,    84.6690,    88.7527,   917.6780,     0.2450,   819.0826,    58.3054,     5.0000,     0.0000,          E,          0,    0.38935,     6.0000,     4.6242,
Vidutinis 4         , 18000.0000,    -5.0000, 21000.0000,     0.2950,   140.0000,   138.6274,   180.8295,   138.6274,     0.0000,     0.0000,     0.0000,     0.0000,     0.0000,     0.0000,     0.0700,    25.0000,     0.0000,     0.0000,    41.2092,    82.0000,   453.2927,    84.8117,    88.8790,   929.2609,     0.2439,   820.9691,    58.4325,     5.0000,     0.0000,          E,          0,    0.39892,     6.0000,     4.4976,
Vidutinis 4         , 18000.0000,    -5.0000, 21000.0000,     0.3053,   145.0000,   143.5294,   187.1535,   143.5294,     0.0000,     0.0000,     0.0000,     0.0000,     0.0000,     0.0000,     0.0645,    25.0000,     0.0000,     0.0000,    41.9281,    82.0000,   458.1617,    84.9789,    89.0436,   945.4719,     0.2423,   823.6236,    58.6352,     5.0000,     0.0000,          E,          0,    0.40849,     6.0000,     4.3716,
Vidutinis 4         , 18000.0000,    -5.0000, 21000.0000,     0.3156,   150.0000,   148.4314,   193.4700,   148.4314,     0.0000,     0.0000,     0.0000,     0.0000,     0.0000,     0.0000,     0.0599,    25.0000,     0.0000,     0.0000,    42.7717,    82.0000,   464.1287,    85.1602,    89.2341,   964.4949,     0.2406,   826.8762,    58.8868,     5.0000,     0.0000,          E,          0,    0.41685,     6.0000,     4.2597,
Vidutinis 4         , 18000.0000,    -5.0000, 21000.0000,     0.3260,   155.0000,   153.3775,   199.8368,   153.3775,     0.0000,     0.0000,     0.0000,     0.0000,     0.0000,     0.0000,     0.0560,    25.0000,     0.0000,     0.0000,    43.9054,    82.0000,   472.3221,    85.4378,    89.4899,   990.0596,     0.2385,   831.1920,    59.2589,     5.0000,     0.0000,          E,          0,    0.42309,     6.0000,     4.1650,
Vidutinis 4         , 18000.0000,    -5.0000, 21000.0000,     0.3364,   160.0000,   158.3444,   206.2226,   158.3444,     0.0000,     0.0000,     0.0000,     0.0000,     0.0000,     0.0000,     0.0527,    25.0000,     0.0000,     0.0000,    45.2601,    82.0000,   482.2119,    85.8034,    89.7901,  1020.6087,     0.2362,   836.3018,    59.7187,     5.0000,     0.0000,          E,          0,    0.42766,     6.0000,     4.0840,
Vidutinis 4         , 18000.0000,    -5.0000, 21000.0000,     0.3468,   165.0000,   163.3112,   212.5994,   163.3112,     0.0000,     0.0000,     0.0000,     0.0000,     0.0000,     0.0000,     0.0498,    25.0000,     0.0000,     0.0000,    46.8852,    82.0000,   494.1299,    86.2681,    90.1414,  1057.2546,     0.2337,   842.2955,    60.2868,     5.0000,     0.0000,          E,          0,    0.43025,     6.0000,     4.0176,
Vidutinis 4         , 18000.0000,    -5.0000, 21000.0000,     0.3572,   170.0000,   168.2781,   218.9685,   168.2781,     0.0000,     0.0000,     0.0000,     0.0000,     0.0000,     0.0000,     0.0476,    25.0000,     0.0000,     0.0000,    48.7477,    82.0000,   508.0361,    86.8620,    90.5544,  1099.2533,     0.2311,   849.5182,    60.9461,     5.0000,     0.0000,          E,          0,    0.43101,     6.0000,     3.9642,
Vidutinis 4         , 18000.0000,    -5.0000, 21000.0000,     0.3676,   175.0000,   173.2450,   225.3311,   173.2450,     0.0000,     0.0000,     0.0000,     0.0000,     0.0000,     0.0000,     0.0457,    25.0000,     0.0000,     0.0000,    50.8503,    82.0000,   524.0206,    87.5701,    91.0308,  1146.6654,     0.2285,   858.0609,    61.6956,     5.0000,     0.0000,          E,          0,    0.43000,     6.0000,     3.9232,
Vidutinis 4         , 18000.0000,    -5.0000, 21000.0000,     0.3779,   180.0000,   178.2119,   231.6837,   178.2119,     0.0000,     0.0000,     0.0000,     0.0000,     0.0000,     0.0000,     0.0441,    25.0000,     0.0000,     0.0000,    53.2151,    82.0000,   542.0231,    88.3503,    91.5625,  1199.9911,     0.2258,   867.6998,    62.5425,     5.0000,     0.0000,          E,          0,    0.42744,     6.0000,     3.8933,
Vidutinis 4         , 18000.0000,    -5.0000, 21000.0000,     0.3883,   185.0000,   183.1841,   238.0353,   183.1841,     0.0000,     0.0000,     0.0000,     0.0000,     0.0000,     0.0000,     0.0426,    25.0000,     0.0000,     0.0000,    55.8374,    82.0000,   561.9775,    89.1749,    92.1457,  1259.1252,     0.2232,   878.3561,    63.4820,     5.0000,     0.0000,          E,          0,    0.42357,     6.0000,     3.8733,
Vidutinis 4         , 18000.0000,    -5.0000, 21000.0000,     0.3986,   190.0000,   188.1592,   244.3818,   188.1592,     0.0000,     0.0000,     0.0000,     0.0000,     0.0000,     0.0000,     0.0414,    25.0000,     0.0000,     0.0000,    58.6236,    82.0000,   582.9295,    90.0365,    92.7531,  1321.9540,     0.2205,   889.5508,    64.4719,     5.0000,     0.0000,          E,          0,    0.41923,     6.0000,     3.8584,
Vidutinis 4         , 18000.0000,    -5.0000, 21000.0000,     0.4090,   195.0000,   193.1344,   250.7186,   193.1344,     0.0000,     0.0000,     0.0000,     0.0000,     0.0000,     0.0000,     0.0405,    25.0000,     0.0000,     0.0000,    61.6698,    82.0000,   605.8455,    90.9333,    93.4085,  1390.6436,     0.2178,   901.3185,    65.5508,     5.0000,     0.0000,          E,          0,    0.41383,     6.0000,     3.8523,
Vidutinis 4         , 18000.0000,    -5.0000, 21000.0000,     0.4193,   200.0000,   198.1095,   257.0477,   198.1095,     0.0000,     0.0000,     0.0000,     0.0000,     0.0000,     0.0000,     0.0396,    25.0000,     0.0000,     0.0000,    64.9457,    82.0000,   631.7750,    91.8121,    94.1258,  1464.5162,     0.2157,   914.6541,    66.7036,     5.0000,     0.0000,          E,          0,    0.40687,     6.0000,     3.8583,
Vidutinis 4         , 18000.0000,    -5.0000, 21000.0000,     0.4296,   205.0000,   203.0846,   263.3668,   203.0846,     0.0000,     0.0000,     0.0000,     0.0000,     0.0000,     0.0000,     0.0388,    25.0000,     0.0000,     0.0000,    68.4801,    82.0000,   661.7679,    92.7591,    94.9161,  1544.2153,     0.2143,   929.4261,    67.9396,     5.0000,     0.0000,          E,          0,    0.39797,     6.0000,     3.8796,
Vidutinis 4         , 18000.0000,    -5.0000, 21000.0000,     0.4399,   210.0000,   208.0598,   269.6765,   208.0598,     0.0000,     0.0000,     0.0000,     0.0000,     0.0000,     0.0000,     0.0382,    25.0000,     0.0000,     0.0000,    72.3467,    82.0000,   695.7065,    93.6901,    95.7897,  1631.4058,     0.2132,   946.0985,    69.6179,     5.0000,     0.0000,          E,          0,    0.38763,     6.0000,     3.9147,
Vidutinis 4         , 18000.0000,    -5.0000, 21000.0000,     0.4502,   215.0000,   213.0348,   275.9767,   213.0348,     0.0000,     0.0000,     0.0000,     0.0000,     0.0000,     0.0000,     0.0376,    25.0000,     0.0000,     0.0000,    76.2887,    82.0000,   735.6209,    94.7447,    96.7646,  1720.2972,     0.2138,   964.7787,    72.5240,     5.0000,     0.0000,          E,          0,    0.37516,     6.0000,     3.9700,
Vidutinis 4         , 18000.0000,    -5.0000, 21000.0000,     0.4518,   215.7872,   213.8181,   276.9680,   213.8181,     0.0000,     0.0000,     0.0000,     0.0000,     0.0000,     0.0000,     0.0375,    25.0000,     0.0000,     0.0000,    76.9361,    82.0000,   742.1697,    94.9277,    96.9236,  1734.8958,     0.2139,   967.8527,    72.9986,     5.0000,     0.0000,          E,          0,    0.37319,     6.0000,     3.9794,
Vidutinis 4         , 18000.0000,    -5.0000, 21000.0000,     0.3558,   169.3267,   167.6093,   218.1114,     1.0000,     0.0000,     0.0000,     0.0000,     0.0000,     0.0000,     0.0000,     0.0479,    25.0000,     0.0000,     0.0000,    48.4843,    82.0000,   506.0359,    86.7733,    90.4944,  1093.3121,     0.2314,   848.4523,    60.8526,     5.0000,     0.0000,          E,          0,    0.43102,     6.0000,     3.9706,
Vidutinis 4         , 18000.0000,    -5.0000, 21000.0000,     0.3801,   181.0591,   179.2640,   233.0286,     0.9900,     0.0000,     0.0000,     0.0000,     0.0000,     0.0000,     0.0000,     0.0437,    25.0000,     0.0000,     0.0000,    53.7512,    82.0000,   546.1060,    88.5194,    91.6824,  1212.0811,     0.2253,   869.8842,    62.7348,     5.0000,     0.0000,          E,          0,    0.42671,     6.0000,     3.8884,
Vidutinis 4         , 18000.0000,    -5.0000, 21000.0000,     0.4518,   215.7872,   213.8181,   276.9682,   999.0000,     0.0000,     0.0000,     0.0000,     0.0000,     0.0000,     0.0000,     0.0375,    25.0000,     0.0000,     0.0000,    76.9361,    82.0000,   742.1708,    94.9277,    96.9236,  1734.8981,     0.2139,   967.8533,    72.9987,     5.0000,     0.0000,          E,          0,    0.37319,     6.0000,     3.9794,
