                CASE,         ZP,        ISA,     WEIGHT,       MACH,        IAS,        CAS,        TAS, SPEED_CODE,       WIND,       TIME,       FUEL,       DIST,       RATE,       GRDT,         CD,         CG,      FLAPS,      LGEAR,         TQ,         NP,        WFE,         NL,         NH,        SHP,        SFC,        ITT,        PLA,         RC,     ENGOUT,    AIRCOND,      ICING,         SR,         CI,       COST,
                    ,       (FT),     (DG.C),       (KG),           ,       (KT),       (KT),       (KT),           ,       (KT),       (MN),       (KG),       (NM),    (FT/MN),      (DEG),           ,        (%),           ,           ,        (%),        (%),     (KG/H),        (%),        (%),       (HP),  (KG/H/HP),     (DG.C),      (DEG),           ,           ,           ,           ,    (NM/KG),    (KG/MN),    (KG/NM),
Vidutinis 21        , 18000.0000,    -5.0000, 22000.0000,     0.2924,   138.7285,   137.3809,   179.2206,   137.3809,     0.0000,     0.0000,     0.0000,     0.0000,     0.0000,     0.0000,     0.0757,    25.0000,     0.0000,     0.0000,    43.5414,    82.0000,   471.3794,    85.7443,    89.4874,   981.8511,     0.2400,   830.9863,    59.5219,     5.0000,     0.0000,          E,          0,    0.38020,     6.0000,     4.6389,
Vidutinis 21        , 18000.0000,    -5.0000, 22000.0000,     0.3012,   143.0000,   141.5686,   184.6248,   141.5686,     0.0000,     0.0000,     0.0000,     0.0000,     0.0000,     0.0000,     0.0703,    25.0000,     0.0000,     0.0000,    44.0581,    82.0000,   474.5787,    85.8717,    89.6021,   993.5033,     0.2388,   832.7308,    59.6476,     5.0000,     0.0000,          E,          0,    0.38903,     6.0000,     4.5204,
Vidutinis 21        , 18000.0000,    -5.0000, 22000.0000,     0.3115,   148.0000,   146.4706,   190.9440,   146.4706,     0.0000,     0.0000,     0.0000,     0.0000,     0.0000,     0.0000,     0.0648,    25.0000,     0.0000,     0.0000,    44.6437,    82.0000,   478.5717,    85.9543,    89.7180,  1006.7076,     0.2377,   834.8164,    59.7799,     5.0000,     0.0000,          E,          0,    0.39899,     6.0000,     4.3917,
Vidutinis 21        , 18000.0000,    -5.0000, 22000.0000,     0.3218,   153.0000,   151.3907,   197.2798,   151.3907,     0.0000,     0.0000,     0.0000,     0.0000,     0.0000,     0.0000,     0.0602,    25.0000,     0.0000,     0.0000,    45.5359,    82.0000,   484.8977,    86.1530,    89.9053,  1026.8276,     0.2361,   838.0957,    60.0424,     5.0000,     0.0000,          E,          0,    0.40685,     6.0000,     4.2827,
Vidutinis 21        , 18000.0000,    -5.0000, 22000.0000,     0.3322,   158.0000,   156.3576,   203.6689,   156.3576,     0.0000,     0.0000,     0.0000,     0.0000,     0.0000,     0.0000,     0.0564,    25.0000,     0.0000,     0.0000,    46.7232,    82.0000,   493.4692,    86.4555,    90.1571,  1053.6005,     0.2342,   842.4365,    60.4262,     5.0000,     0.0000,          E,          0,    0.41273,     6.0000,     4.1905,
Vidutinis 21        , 18000.0000,    -5.0000, 22000.0000,     0.3426,   163.0000,   161.3245,   210.0491,   161.3245,     0.0000,     0.0000,     0.0000,     0.0000,     0.0000,     0.0000,     0.0530,    25.0000,     0.0000,     0.0000,    48.1234,    82.0000,   503.8797,    86.8345,    90.4566,  1085.1758,     0.2322,   847.5375,    60.8941,     5.0000,     0.0000,          E,          0,    0.41686,     6.0000,     4.1128,
Vidutinis 21        , 18000.0000,    -5.0000, 22000.0000,     0.3530,   168.0000,   166.2914,   216.4229,   166.2914,     0.0000,     0.0000,     0.0000,     0.0000,     0.0000,     0.0000,     0.0501,    25.0000,     0.0000,     0.0000,    49.6548,    82.0000,   515.4797,    87.2821,    90.7913,  1119.7072,     0.2302,   853.3178,    61.4081,     5.0000,     0.0000,          E,          0,    0.41985,     6.0000,     4.0452,
Vidutinis 21        , 18000.0000,    -5.0000, 22000.0000,     0.3634,   173.0000,   171.2583,   222.7867,   171.2583,     0.0000,     0.0000,     0.0000,     0.0000,     0.0000,     0.0000,     0.0479,    25.0000,     0.0000,     0.0000,    51.6116,    82.0000,   530.2915,    87.9312,    91.2318,  1163.8323,     0.2278,   861.2693,    62.0953,     5.0000,     0.0000,          E,          0,    0.42012,     6.0000,     3.9962,
Vidutinis 21        , 18000.0000,    -5.0000, 22000.0000,     0.3738,   178.0000,   176.2252,   229.1440,   176.2252,     0.0000,     0.0000,     0.0000,     0.0000,     0.0000,     0.0000,     0.0460,    25.0000,     0.0000,     0.0000,    53.7714,    82.0000,   546.6615,    88.6141,    91.7140,  1212.5370,     0.2254,   870.0620,    62.8554,     5.0000,     0.0000,          E,          0,    0.41917,     6.0000,     3.9567,
Vidutinis 21        , 18000.0000,    -5.0000, 22000.0000,     0.3841,   183.0000,   181.1941,   235.4946,   181.1941,     0.0000,     0.0000,     0.0000,     0.0000,     0.0000,     0.0000,     0.0443,    25.0000,     0.0000,     0.0000,    56.2241,    82.0000,   565.2557,    89.3746,    92.2554,  1267.8451,     0.2229,   879.9900,    63.7251,     5.0000,     0.0000,          E,          0,    0.41662,     6.0000,     3.9290,
Vidutinis 21        , 18000.0000,    -5.0000, 22000.0000,     0.3945,   188.0000,   186.1691,   241.8438,   186.1691,     0.0000,     0.0000,     0.0000,     0.0000,     0.0000,     0.0000,     0.0429,    25.0000,     0.0000,     0.0000,    58.9271,    82.0000,   585.6688,    90.2125,    92.8473,  1328.7960,     0.2204,   890.9056,    64.6829,     5.0000,     0.0000,          E,          0,    0.41294,     6.0000,     3.9102,
Vidutinis 21        , 18000.0000,    -5.0000, 22000.0000,     0.4048,   193.0000,   191.1443,   248.1849,   191.1443,     0.0000,     0.0000,     0.0000,     0.0000,     0.0000,     0.0000,     0.0417,    25.0000,     0.0000,     0.0000,    61.7257,    82.0000,   606.7595,    90.9907,    93.4542,  1391.9045,     0.2180,   902.3051,    65.6613,     5.0000,     0.0000,          E,          0,    0.40903,     6.0000,     3.8953,
Vidutinis 21        , 18000.0000,    -5.0000, 22000.0000,     0.4152,   198.0000,   196.1194,   254.5177,   196.1194,     0.0000,     0.0000,     0.0000,     0.0000,     0.0000,     0.0000,     0.0407,    25.0000,     0.0000,     0.0000,    64.8340,    82.0000,   631.4229,    91.8232,    94.1343,  1461.9956,     0.2159,   914.9379,    66.7488,     5.0000,     0.0000,          E,          0,    0.40309,     6.0000,     3.8953,
Vidutinis 21        , 18000.0000,    -5.0000, 22000.0000,     0.4255,   203.0000,   201.0946,   260.8401,   201.0946,     0.0000,     0.0000,     0.0000,     0.0000,     0.0000,     0.0000,     0.0398,    25.0000,     0.0000,     0.0000,    68.2118,    82.0000,   660.0328,    92.7291,    94.8894,  1538.1660,     0.2146,   929.0375,    67.9258,     5.0000,     0.0000,          E,          0,    0.39519,     6.0000,     3.9106,
Vidutinis 21        , 18000.0000,    -5.0000, 22000.0000,     0.4358,   208.0000,   206.0697,   267.1538,   206.0697,     0.0000,     0.0000,     0.0000,     0.0000,     0.0000,     0.0000,     0.0391,    25.0000,     0.0000,     0.0000,    71.9255,    82.0000,   692.1915,    93.6141,    95.7216,  1621.9093,     0.2134,   944.9061,    69.4675,     5.0000,     0.0000,          E,          0,    0.38595,     6.0000,     3.9385,
Vidutinis 21        , 18000.0000,    -5.0000, 22000.0000,     0.4461,   213.0000,   211.0448,   273.4576,   211.0448,     0.0000,     0.0000,     0.0000,     0.0000,     0.0000,     0.0000,     0.0384,    25.0000,     0.0000,     0.0000,    75.7303,    82.0000,   730.6590,    94.6240,    96.6622,  1707.7051,     0.2139,   962.9130,    72.2708,     5.0000,     0.0000,          E,          0,    0.37426,     6.0000,     3.9884,
Vidutinis 21        , 18000.0000,    -5.0000, 22000.0000,     0.4486,   214.2433,   212.2819,   275.0242,   212.2819,     0.0000,     0.0000,     0.0000,     0.0000,     0.0000,     0.0000,     0.0382,    25.0000,     0.0000,     0.0000,    76.7234,    82.0000,   740.7267,    94.9062,    96.9069,  1730.1010,     0.2141,   967.6320,    72.9988,     5.0000,     0.0000,          E,          0,    0.37129,     6.0000,     4.0023,
Vidutinis 21        , 18000.0000,    -5.0000, 22000.0000,     0.3605,   171.6068,   169.8743,   221.0140,     1.0000,     0.0000,     0.0000,     0.0000,     0.0000,     0.0000,     0.0000,     0.0485,    25.0000,     0.0000,     0.0000,    51.0463,    82.0000,   526.0105,    87.7439,    91.1049,  1151.0865,     0.2285,   858.9673,    61.8966,     5.0000,     0.0000,          E,          0,    0.42017,     6.0000,     4.0088,
Vidutinis 21        , 18000.0000,    -5.0000, 22000.0000,     0.3862,   183.9993,   182.1884,   236.7644,     0.9900,     0.0000,     0.0000,     0.0000,     0.0000,     0.0000,     0.0000,     0.0440,    25.0000,     0.0000,     0.0000,    56.7459,    82.0000,   569.1879,    89.5348,    92.3690,  1279.6108,     0.2224,   882.0792,    63.9102,     5.0000,     0.0000,          E,          0,    0.41597,     6.0000,     3.9245,
Vidutinis 21        , 18000.0000,    -5.0000, 22000.0000,     0.4486,   214.2432,   212.2818,   275.0241,   999.0000,     0.0000,     0.0000,     0.0000,     0.0000,     0.0000,     0.0000,     0.0382,    25.0000,     0.0000,     0.0000,    76.7233,    82.0000,   740.7259,    94.9062,    96.9069,  1730.0990,     0.2141,   967.6317,    72.9987,     5.0000,     0.0000,          E,          0,    0.37129,     6.0000,     4.0023,
