                CASE,         ZP,        ISA,     WEIGHT,       MACH,        IAS,        CAS,        TAS, SPEED_CODE,       WIND,       TIME,       FUEL,       DIST,       RATE,       GRDT,         CD,         CG,      FLAPS,      LGEAR,         TQ,         NP,        WFE,         NL,         NH,        SHP,        SFC,        ITT,        PLA,         RC,     ENGOUT,    AIRCOND,      ICING,         SR,         CI,       COST,
                    ,       (FT),     (DG.C),       (KG),           ,       (KT),       (KT),       (KT),           ,       (KT),       (MN),       (KG),       (NM),    (FT/MN),      (DEG),           ,        (%),           ,           ,        (%),        (%),     (KG/H),        (%),        (%),       (HP),  (KG/H/HP),     (DG.C),      (DEG),           ,           ,           ,           ,    (NM/KG),    (KG/MN),    (KG/NM),
Vidutinis 9         , 18000.0000,    -5.0000, 21000.0000,     0.2856,   135.4823,   134.1983,   175.1102,   134.1983,   -15.0000,     0.0000,     0.0000,     0.0000,     0.0000,     0.0000,     0.0759,    25.0000,     0.0000,     0.0000,    40.6955,    82.0000,   449.7487,    84.6690,    88.7527,   917.6780,     0.2450,   819.0826,    58.3054,     5.0000,     0.0000,          E,          0,    0.35600,     6.0000,     5.0574,
Vidutinis 9         , 18000.0000,    -5.0000, 21000.0000,     0.2950,   140.0000,   138.6274,   180.8295,   138.6274,   -15.0000,     0.0000,     0.0000,     0.0000,     0.0000,     0.0000,     0.0700,    25.0000,     0.0000,     0.0000,    41.2092,    82.0000,   453.2927,    84.8117,    88.8790,   929.2609,     0.2439,   820.9691,    58.4325,     5.0000,     0.0000,          E,          0,    0.36583,     6.0000,     4.9044,
Vidutinis 9         , 18000.0000,    -5.0000, 21000.0000,     0.3053,   145.0000,   143.5294,   187.1535,   143.5294,   -15.0000,     0.0000,     0.0000,     0.0000,     0.0000,     0.0000,     0.0645,    25.0000,     0.0000,     0.0000,    41.9281,    82.0000,   458.1617,    84.9789,    89.0436,   945.4719,     0.2423,   823.6236,    58.6352,     5.0000,     0.0000,          E,          0,    0.37575,     6.0000,     4.7525,
Vidutinis 9         , 18000.0000,    -5.0000, 21000.0000,     0.3156,   150.0000,   148.4314,   193.4700,   148.4314,   -15.0000,     0.0000,     0.0000,     0.0000,     0.0000,     0.0000,     0.0599,    25.0000,     0.0000,     0.0000,    42.7717,    82.0000,   464.1287,    85.1602,    89.2341,   964.4949,     0.2406,   826.8762,    58.8868,     5.0000,     0.0000,          E,          0,    0.38453,     6.0000,     4.6177,
Vidutinis 9         , 18000.0000,    -5.0000, 21000.0000,     0.3260,   155.0000,   153.3775,   199.8368,   153.3775,   -15.0000,     0.0000,     0.0000,     0.0000,     0.0000,     0.0000,     0.0560,    25.0000,     0.0000,     0.0000,    43.9054,    82.0000,   472.3221,    85.4378,    89.4899,   990.0596,     0.2385,   831.1920,    59.2589,     5.0000,     0.0000,          E,          0,    0.39134,     6.0000,     4.5030,
Vidutinis 9         , 18000.0000,    -5.0000, 21000.0000,     0.3364,   160.0000,   158.3444,   206.2226,   158.3444,   -15.0000,     0.0000,     0.0000,     0.0000,     0.0000,     0.0000,     0.0527,    25.0000,     0.0000,     0.0000,    45.2601,    82.0000,   482.2119,    85.8034,    89.7901,  1020.6087,     0.2362,   836.3018,    59.7187,     5.0000,     0.0000,          E,          0,    0.39655,     6.0000,     4.4044,
Vidutinis 9         , 18000.0000,    -5.0000, 21000.0000,     0.3468,   165.0000,   163.3112,   212.5994,   163.3112,   -15.0000,     0.0000,     0.0000,     0.0000,     0.0000,     0.0000,     0.0498,    25.0000,     0.0000,     0.0000,    46.8852,    82.0000,   494.1299,    86.2681,    90.1414,  1057.2546,     0.2337,   842.2955,    60.2868,     5.0000,     0.0000,          E,          0,    0.39989,     6.0000,     4.3225,
Vidutinis 9         , 18000.0000,    -5.0000, 21000.0000,     0.3572,   170.0000,   168.2781,   218.9685,   168.2781,   -15.0000,     0.0000,     0.0000,     0.0000,     0.0000,     0.0000,     0.0476,    25.0000,     0.0000,     0.0000,    48.7477,    82.0000,   508.0361,    86.8620,    90.5544,  1099.2533,     0.2311,   849.5182,    60.9461,     5.0000,     0.0000,          E,          0,    0.40148,     6.0000,     4.2557,
Vidutinis 9         , 18000.0000,    -5.0000, 21000.0000,     0.3676,   175.0000,   173.2450,   225.3311,   173.2450,   -15.0000,     0.0000,     0.0000,     0.0000,     0.0000,     0.0000,     0.0457,    25.0000,     0.0000,     0.0000,    50.8503,    82.0000,   524.0206,    87.5701,    91.0308,  1146.6654,     0.2285,   858.0609,    61.6956,     5.0000,     0.0000,          E,          0,    0.40138,     6.0000,     4.2030,
Vidutinis 9         , 18000.0000,    -5.0000, 21000.0000,     0.3779,   180.0000,   178.2119,   231.6837,   178.2119,   -15.0000,     0.0000,     0.0000,     0.0000,     0.0000,     0.0000,     0.0441,    25.0000,     0.0000,     0.0000,    53.2151,    82.0000,   542.0231,    88.3503,    91.5625,  1199.9911,     0.2258,   867.6998,    62.5425,     5.0000,     0.0000,          E,          0,    0.39977,     6.0000,     4.1629,
Vidutinis 9         , 18000.0000,    -5.0000, 21000.0000,     0.3883,   185.0000,   183.1841,   238.0353,   183.1841,   -15.0000,     0.0000,     0.0000,     0.0000,     0.0000,     0.0000,     0.0426,    25.0000,     0.0000,     0.0000,    55.8374,    82.0000,   561.9775,    89.1749,    92.1457,  1259.1252,     0.2232,   878.3561,    63.4820,     5.0000,     0.0000,          E,          0,    0.39688,     6.0000,     4.1338,
Vidutinis 9         , 18000.0000,    -5.0000, 21000.0000,     0.3986,   190.0000,   188.1592,   244.3818,   188.1592,   -15.0000,     0.0000,     0.0000,     0.0000,     0.0000,     0.0000,     0.0414,    25.0000,     0.0000,     0.0000,    58.6236,    82.0000,   582.9295,    90.0365,    92.7531,  1321.9540,     0.2205,   889.5508,    64.4719,     5.0000,     0.0000,          E,          0,    0.39350,     6.0000,     4.1107,
Vidutinis 9         , 18000.0000,    -5.0000, 21000.0000,     0.4090,   195.0000,   193.1344,   250.7186,   193.1344,   -15.0000,     0.0000,     0.0000,     0.0000,     0.0000,     0.0000,     0.0405,    25.0000,     0.0000,     0.0000,    61.6698,    82.0000,   605.8455,    90.9333,    93.4085,  1390.6436,     0.2178,   901.3185,    65.5508,     5.0000,     0.0000,          E,          0,    0.38907,     6.0000,     4.0975,
Vidutinis 9         , 18000.0000,    -5.0000, 21000.0000,     0.4193,   200.0000,   198.1095,   257.0477,   198.1095,   -15.0000,     0.0000,     0.0000,     0.0000,     0.0000,     0.0000,     0.0396,    25.0000,     0.0000,     0.0000,    64.9457,    82.0000,   631.7750,    91.8121,    94.1258,  1464.5162,     0.2157,   914.6541,    66.7036,     5.0000,     0.0000,          E,          0,    0.38312,     6.0000,     4.0974,
Vidutinis 9         , 18000.0000,    -5.0000, 21000.0000,     0.4296,   205.0000,   203.0846,   263.3668,   203.0846,   -15.0000,     0.0000,     0.0000,     0.0000,     0.0000,     0.0000,     0.0388,    25.0000,     0.0000,     0.0000,    68.4801,    82.0000,   661.7679,    92.7591,    94.9161,  1544.2153,     0.2143,   929.4261,    67.9396,     5.0000,     0.0000,          E,          0,    0.37531,     6.0000,     4.1139,
Vidutinis 9         , 18000.0000,    -5.0000, 21000.0000,     0.4399,   210.0000,   208.0598,   269.6765,   208.0598,   -15.0000,     0.0000,     0.0000,     0.0000,     0.0000,     0.0000,     0.0382,    25.0000,     0.0000,     0.0000,    72.3467,    82.0000,   695.7065,    93.6901,    95.7897,  1631.4058,     0.2132,   946.0985,    69.6179,     5.0000,     0.0000,          E,          0,    0.36607,     6.0000,     4.1453,
Vidutinis 9         , 18000.0000,    -5.0000, 21000.0000,     0.4502,   215.0000,   213.0348,   275.9767,   213.0348,   -15.0000,     0.0000,     0.0000,     0.0000,     0.0000,     0.0000,     0.0376,    25.0000,     0.0000,     0.0000,    76.2887,    82.0000,   735.6209,    94.7447,    96.7646,  1720.2972,     0.2138,   964.7787,    72.5240,     5.0000,     0.0000,          E,          0,    0.35477,     6.0000,     4.1982,
Vidutinis 9         , 18000.0000,    -5.0000, 21000.0000,     0.4518,   215.7872,   213.8181,   276.9680,   213.8181,   -15.0000,     0.0000,     0.0000,     0.0000,     0.0000,     0.0000,     0.0375,    25.0000,     0.0000,     0.0000,    76.9361,    82.0000,   742.1697,    94.9277,    96.9236,  1734.8958,     0.2139,   967.8527,    72.9986,     5.0000,     0.0000,          E,          0,    0.35298,     6.0000,     4.2073,
Vidutinis 9         , 18000.0000,    -5.0000, 21000.0000,     0.3614,   172.0359,   170.3006,   221.5601,     1.0000,   -15.0000,     0.0000,     0.0000,     0.0000,     0.0000,     0.0000,     0.0468,    25.0000,     0.0000,     0.0000,    49.5805,    82.0000,   514.3661,    87.1430,    90.7436,  1118.0333,     0.2300,   852.8951,    61.2430,     5.0000,     0.0000,          E,          0,    0.40158,     6.0000,     4.2330,
Vidutinis 9         , 18000.0000,    -5.0000, 21000.0000,     0.3862,   183.9807,   182.1698,   236.7401,     0.9900,   -15.0000,     0.0000,     0.0000,     0.0000,     0.0000,     0.0000,     0.0429,    25.0000,     0.0000,     0.0000,    55.2800,    82.0000,   557.7441,    89.0005,    92.0227,  1246.5551,     0.2237,   876.1031,    63.2823,     5.0000,     0.0000,          E,          0,    0.39757,     6.0000,     4.1388,
Vidutinis 9         , 18000.0000,    -5.0000, 21000.0000,     0.4518,   215.7872,   213.8181,   276.9682,   999.0000,   -15.0000,     0.0000,     0.0000,     0.0000,     0.0000,     0.0000,     0.0375,    25.0000,     0.0000,     0.0000,    76.9361,    82.0000,   742.1708,    94.9277,    96.9236,  1734.8981,     0.2139,   967.8533,    72.9987,     5.0000,     0.0000,          E,          0,    0.35298,     6.0000,     4.2073,
